#nages
8
#nyrs
30
#npops_EM
2
#nregions_EM
 1 1
#nfleets_EM
 1 1
#nfleets_survey_EM
 1 1
#npops_OM
2
#nregions_OM
 1 1
#nfleets_OM
 1 1
#nfleets_survey_OM
 1 1
#tsurvey_EM
 0.5
 0.5
#diagnostics_switch
0
#fleets_as_areas_switch
0
#move_switch
3
#report_rate_switch
0
#natal_homing_switch
0
#spawn_return_switch
0
#select_switch
1
#select_switch_survey
1
#maturity_switch_equil
0
#SSB_type
2
#Rec_type
2
#apportionment_type
-2
#use_stock_comp_info_survey
0
#use_stock_comp_info_catch
0
#F_switch
1
#M_switch
0
#recruit_devs_switch
1
#recruit_randwalk_switch
0
#init_abund_switch
0
#est_dist_init_abund
0
#tspawn_EM
 0 0
#return_age
7
#return_probability
 1 1
#spawn_return_prob
 1 1
#do_tag
1
#fit_tag_age_switch
0
#do_tag_mult
1
#est_tag_mixing_switch
0
#sigma_recruit_EM
 0.55 0.5
#ph_lmr
1
#Rave_start
8.5
#lb_R_ave
2
#ub_R_ave
20
#ph_rec
2
#lb_rec_devs
-10
#ub_rec_devs
10
#ph_rec_app_CNST
-4
#ph_rec_app_YR
-4
#lb_rec_app
-5
#ub_rec_app
5
#ph_init_abund
1
#N_start
8
#ph_reg_init
-2
#ph_non_natal_init
-1
#lb_init_dist
-9
#ub_init_dist
10
#lb_init_abund
2
#ub_init_abund
20
#ph_F
3
#lb_F
-5
#ub_F
5
#ph_steep
-1
#lb_steep
0.2
#ub_steep
1
#ph_M_CNST
-1
#ph_M_pop_CNST
-1
#ph_M_age_CNST
-1
#ph_M_pop_age
-1
#lb_M
-5
#ub_M
5
#ph_sel_log
4
#lb_sel_beta1
-5
#ub_sel_beta1
5
#lb_sel_beta2
-5
#ub_sel_beta2
5
#lb_sel_beta3
-10
#ub_sel_beta3
5
#lb_sel_beta4
-10
#ub_sel_beta4
5
#lb_sel_beta1_surv
-5
#ub_sel_beta1_surv
5
#lb_sel_beta2_surv
-5
#ub_sel_beta2_surv
5
#lb_sel_beta3_surv
-10
#ub_sel_beta3_surv
5
#lb_sel_beta4_surv
-10
#ub_sel_beta4_surv
5
#ph_sel_log_surv
4
#ph_sel_dubl
-5
#ph_sel_dubl_surv
-5
#ph_q
1
#lb_q
-10
#ub_q
5
#ph_F_rho
-1
#lb_F_rho
0
#ub_F_rho
2
#phase_T_YR
-5
#phase_T_YR_ALT_FREQ
-5
#T_est_freq
2
#phase_T_YR_AGE_ALT_FREQ
5
#T_est_age_freq
1
#juv_age
1
#phase_T_CNST
-5
#phase_T_CNST_AGE
-6
#phase_T_YR_AGE
-6
#phase_T_CNST_AGE_no_AG1
-6
#phase_T_YR_AGE_no_AG1
-6
#phase_T_YR_AGE_ALT_FREQ_no_AG1
-5
#lb_T
-10
#ub_T
10
#T_start
-1.25
#phase_rep_rate_YR
-6
#phase_rep_rate_CNST
-6
#lb_B
-6
#ub_B
6
#ph_T_tag
-7
#ph_F_tag
-3
#lb_scalar
-10
#ub_scalar
10
#ph_dummy
-1
#wt_surv
1
#wt_catch
1
#wt_fish_age
1
#wt_srv_age
1
#wt_rec
1
#wt_tag
1
#wt_F_pen
1
#wt_M_pen
0
#wt_B_pen
0
#report_rate_sigma
0.1
#report_rate_ave
0.5
#abund_pen_switch
0
#wt_abund_pen
0.1
#Mean_N
-8
#move_pen_switch
1
#wt_move_pen
1
#Tpen
1.25
#Tpen2
0.4
#sigma_Tpen_EM
0.5
#Rave_pen_switch
1
#wt_Rave_pen
10
#Rave_mean
-8.5
#input_weight
 0.4 0.75 1.5 3 5 7 7.5 7.7
 0.5 0.65 2 4 5.5 7.2 7.9 8.3
#input_catch_weight
 0.4 0.75 1.5 3 5 7 7.5 7.7
 0.5 0.65 2 4 5.5 7.2 7.9 8.3
#fecundity
 1 1 1 1 1 1 1 1
 1 1 1 1 1 1 1 1
#maturity
 0 0.1 0.3 0.5 0.95 1 1 1
 0 0.05 0.25 0.4 0.9 1 1 1
#prop_fem
 0.5
 0.5
#OBS_rec_index_BM
 3559.71 3342.19 5243.69 4618.92 8346.43 2140.92 2329.36 9588.37 2708.67 2263.83 1748.62 3236.72 9531.07 7332.83 5788.2 8417.33 5537.09 2482.63 3909.52 4554.68 452.264 3174.18 1318.08 2413.81 2365.26 1326.11 1750.26 3845.22 4830.19 2023.55
 5583.44 5828.44 1015.72 6278.03 1542.83 1667.27 2728.54 2066.52 4709.45 540.165 3636.81 2512.9 5525.63 1084.64 2094.41 1205.28 1023.66 1764.62 1692.39 5040.97 3218.89 1995.39 10622.5 578.192 7416.09 1746.6 2472.86 1387.84 12047.6 1953.72
#OBS_survey_fleet_bio
 57.9574
 117.411
 52.4996
 62.8534
 62.3874
 29.6111
 48.0868
 36.1553
 33.5524
 27.4045
 39.9682
 25.4267
 20.0798
 19.7808
 23.4805
 21.6055
 22.0515
 16.735
 20.9469
 24.3136
 18.2785
 20.6055
 13.9425
 14.6182
 22.2267
 18.9561
 16.0146
 23.6573
 31.3017
 33.4185
 47.9718
 31.0109
 38.1955
 34.054
 36.4875
 25.423
 20.9518
 15.5765
 15.2438
 18.0617
 12.6154
 14.6031
 10.9237
 12.8275
 9.22248
 8.39978
 9.26383
 9.93098
 7.0851
 9.96892
 5.20798
 12.6373
 11.8041
 12.6543
 11.8159
 13.2674
 16.3745
 22.9001
 13.7094
 12.9416
#OBS_survey_fleet_bio_se_EM
 0.2
 0.2
 0.2
 0.2
 0.2
 0.2
 0.2
 0.2
 0.2
 0.2
 0.2
 0.2
 0.2
 0.2
 0.2
 0.2
 0.2
 0.2
 0.2
 0.2
 0.2
 0.2
 0.2
 0.2
 0.2
 0.2
 0.2
 0.2
 0.2
 0.2
 0.2
 0.2
 0.2
 0.2
 0.2
 0.2
 0.2
 0.2
 0.2
 0.2
 0.2
 0.2
 0.2
 0.2
 0.2
 0.2
 0.2
 0.2
 0.2
 0.2
 0.2
 0.2
 0.2
 0.2
 0.2
 0.2
 0.2
 0.2
 0.2
 0.2

#OBS_survey_prop
 0.0133333 0.133333 0.306667 0.146667 0.1 0.126667 0.0733333 0.1
 0.0133333 0.0866667 0.253333 0.226667 0.133333 0.106667 0.1 0.08
 0.0133333 0.08 0.226667 0.213333 0.206667 0.1 0.0333333 0.126667
 0.00666667 0.0933333 0.22 0.233333 0.18 0.0533333 0.0733333 0.14
 0.0333333 0.12 0.206667 0.2 0.186667 0.0533333 0.0666667 0.133333
 0.0133333 0.206667 0.22 0.133333 0.133333 0.0866667 0.0333333 0.173333
 0 0.1 0.333333 0.186667 0.0866667 0.0733333 0.06 0.16
 0.04 0.166667 0.186667 0.26 0.113333 0.0666667 0.08 0.0866667
 0.00666667 0.26 0.253333 0.2 0.126667 0.04 0.0266667 0.0866667
 0.02 0.133333 0.406667 0.2 0.133333 0.04 0.02 0.0466667
 0.00666667 0.0733333 0.32 0.386667 0.126667 0.0333333 0.0133333 0.04
 0.0466667 0.173333 0.193333 0.26 0.2 0.0466667 0.00666667 0.0733333
 0.0333333 0.3 0.3 0.126667 0.1 0.08 0.0266667 0.0333333
 0.0266667 0.233333 0.42 0.186667 0.0266667 0.06 0.04 0.00666667
 0.02 0.133333 0.36 0.36 0.0866667 0.0133333 0.0133333 0.0133333
 0.0333333 0.133333 0.22 0.386667 0.16 0.0533333 0.00666667 0.00666667
 0.0333333 0.26 0.326667 0.146667 0.12 0.0733333 0.0333333 0.00666667
 0.00666667 0.206667 0.4 0.193333 0.0733333 0.06 0.0466667 0.0133333
 0.02 0.0866667 0.36 0.326667 0.0933333 0.0266667 0.06 0.0266667
 0.04 0.233333 0.26 0.253333 0.1 0.0733333 0.02 0.02
 0.00666667 0.206667 0.386667 0.213333 0.0933333 0.04 0.0133333 0.04
 0.00666667 0.0466667 0.493333 0.293333 0.0933333 0.0333333 0.0266667 0.00666667
 0.0533333 0.126667 0.18 0.38 0.173333 0.06 0.0133333 0.0133333
 0.02 0.28 0.32 0.08 0.18 0.08 0.02 0.02
 0.0466667 0.146667 0.38 0.18 0.1 0.0533333 0.0266667 0.0666667
 0.00666667 0.16 0.286667 0.286667 0.14 0.04 0.0266667 0.0533333
 0.0133333 0.0666667 0.373333 0.233333 0.206667 0.0666667 0.0133333 0.0266667
 0.0133333 0.173333 0.153333 0.36 0.14 0.1 0.0133333 0.0466667
 0.02 0.14 0.386667 0.0733333 0.16 0.1 0.08 0.04
 0.02 0.153333 0.393333 0.206667 0.0466667 0.0733333 0.0266667 0.08
 0.0133333 0.106667 0.166667 0.32 0.146667 0.133333 0.0666667 0.0466667
 0.00666667 0.0933333 0.16 0.266667 0.206667 0.126667 0.0266667 0.113333
 0.02 0.0866667 0.18 0.22 0.18 0.14 0.08 0.0933333
 0.00666667 0.113333 0.226667 0.18 0.166667 0.1 0.12 0.0866667
 0.0133333 0.1 0.18 0.24 0.16 0.0866667 0.126667 0.0933333
 0.0533333 0.106667 0.2 0.16 0.2 0.126667 0.08 0.0733333
 0.0666667 0.126667 0.286667 0.193333 0.126667 0.113333 0.04 0.0466667
 0.04 0.16 0.266667 0.206667 0.113333 0.0666667 0.04 0.106667
 0.02 0.153333 0.3 0.173333 0.213333 0.04 0.02 0.08
 0.0266667 0.0933333 0.513333 0.18 0.0533333 0.0733333 0 0.06
 0.0466667 0.0933333 0.273333 0.326667 0.133333 0.0466667 0.0333333 0.0466667
 0.08 0.153333 0.146667 0.186667 0.286667 0.0733333 0.0266667 0.0466667
 0.0733333 0.28 0.253333 0.08 0.126667 0.126667 0.0266667 0.0333333
 0.0266667 0.213333 0.546667 0.106667 0.0333333 0.02 0.0333333 0.02
 0.0266667 0.113333 0.466667 0.24 0.106667 0.00666667 0.0266667 0.0133333
 0.0266667 0.313333 0.206667 0.26 0.153333 0.0333333 0.00666667 0
 0.0133333 0.193333 0.293333 0.173333 0.26 0.0333333 0.00666667 0.0266667
 0.0466667 0.146667 0.453333 0.246667 0.06 0.04 0.00666667 0
 0.0266667 0.193333 0.246667 0.333333 0.146667 0.04 0.0133333 0
 0.126667 0.173333 0.246667 0.22 0.133333 0.0466667 0.0266667 0.0266667
 0.0266667 0.333333 0.293333 0.146667 0.0933333 0.1 0 0.00666667
 0.0533333 0.0666667 0.466667 0.253333 0.1 0.0266667 0.0333333 0
 0.0733333 0.146667 0.0866667 0.42 0.18 0.0666667 0.0133333 0.0133333
 0.02 0.253333 0.253333 0.08 0.226667 0.12 0.00666667 0.04
 0.0466667 0.06 0.48 0.173333 0.08 0.106667 0.04 0.0133333
 0.0266667 0.246667 0.14 0.333333 0.14 0.0333333 0.04 0.04
 0.04 0.106667 0.386667 0.153333 0.193333 0.0533333 0.0133333 0.0533333
 0.0533333 0.193333 0.106667 0.286667 0.0933333 0.14 0.0466667 0.08
 0.113333 0.12 0.3 0.0933333 0.166667 0.1 0.0666667 0.04
 0.00666667 0.293333 0.273333 0.22 0.0866667 0.08 0.00666667 0.0333333
#OBS_survey_prop_N_EM
 150
 150
 150
 150
 150
 150
 150
 150
 150
 150
 150
 150
 150
 150
 150
 150
 150
 150
 150
 150
 150
 150
 150
 150
 150
 150
 150
 150
 150
 150
 150
 150
 150
 150
 150
 150
 150
 150
 150
 150
 150
 150
 150
 150
 150
 150
 150
 150
 150
 150
 150
 150
 150
 150
 150
 150
 150
 150
 150
 150

#OBS_yield_fleet
 8975.32
 10229.4
 9077.21
 10429.7
 8890.97
 10831.5
 6579.96
 7118.59
 6674.46
 5520.43
 6255.39
 8030.84
 6821.6
 4120.48
 5389.87
 8470.11
 6170.36
 5401.03
 4527.48
 4164.48
 4074.56
 2988.51
 5015.42
 2833.3
 2944.26
 4795.73
 4676.9
 2561.95
 1271.81
 1451.17
 9823.82
 11044
 13608.1
 12088.3
 12358.8
 9456.42
 8685.77
 9870.23
 7977.02
 7140.89
 9050.98
 7182.91
 10738.8
 6603.16
 10171.4
 5960.25
 5485.03
 6080.6
 5705.08
 4781.51
 5411.92
 5202.05
 6535.14
 6717.98
 5195.12
 4686.51
 1959.58
 7245.44
 7236.39
 1649.69
#OBS_yield_fleet_se_EM
 0.05
 0.05
 0.05
 0.05
 0.05
 0.05
 0.05
 0.05
 0.05
 0.05
 0.05
 0.05
 0.05
 0.05
 0.05
 0.05
 0.05
 0.05
 0.05
 0.05
 0.05
 0.05
 0.05
 0.05
 0.05
 0.05
 0.05
 0.05
 0.05
 0.05
 0.05
 0.05
 0.05
 0.05
 0.05
 0.05
 0.05
 0.05
 0.05
 0.05
 0.05
 0.05
 0.05
 0.05
 0.05
 0.05
 0.05
 0.05
 0.05
 0.05
 0.05
 0.05
 0.05
 0.05
 0.05
 0.05
 0.05
 0.05
 0.05
 0.05

#OBS_catch_prop
 0.0133333 0.06 0.113333 0.24 0.113333 0.253333 0.126667 0.08
 0.0333333 0.0533333 0.126667 0.24 0.166667 0.113333 0.12 0.146667
 0.0133333 0.0133333 0.133333 0.193333 0.24 0.133333 0.1 0.173333
 0.0133333 0.06 0.0733333 0.2 0.173333 0.173333 0.0733333 0.233333
 0.0333333 0.0666667 0.113333 0.14 0.186667 0.146667 0.0733333 0.24
 0.02 0.1 0.126667 0.153333 0.12 0.0933333 0.126667 0.26
 0.00666667 0.0466667 0.153333 0.146667 0.2 0.0933333 0.14 0.213333
 0.06 0.04 0.08 0.226667 0.16 0.14 0.1 0.193333
 0.00666667 0.16 0.133333 0.146667 0.22 0.12 0.08 0.133333
 0.0133333 0.0533333 0.226667 0.253333 0.16 0.14 0.08 0.0733333
 0.02 0.04 0.14 0.446667 0.133333 0.0733333 0.08 0.0666667
 0.0533333 0.0866667 0.04 0.273333 0.326667 0.0733333 0.0533333 0.0933333
 0.04 0.173333 0.233333 0.12 0.166667 0.14 0.0533333 0.0733333
 0.00666667 0.186667 0.32 0.26 0.0533333 0.0666667 0.0533333 0.0533333
 0.0266667 0.0533333 0.306667 0.38 0.133333 0.0266667 0.04 0.0333333
 0.04 0.0333333 0.133333 0.373333 0.26 0.0933333 0.0266667 0.04
 0.06 0.153333 0.193333 0.213333 0.246667 0.113333 0.00666667 0.0133333
 0.02 0.0733333 0.293333 0.333333 0.0866667 0.12 0.0733333 0
 0.0466667 0.06 0.186667 0.406667 0.166667 0.0533333 0.06 0.02
 0.0333333 0.14 0.213333 0.266667 0.173333 0.0933333 0.04 0.04
 0.00666667 0.12 0.253333 0.286667 0.186667 0.0666667 0.0533333 0.0266667
 0.0333333 0.0333333 0.28 0.32 0.18 0.08 0.0466667 0.0266667
 0.0533333 0.04 0.0933333 0.44 0.213333 0.106667 0.04 0.0133333
 0.0466667 0.0733333 0.193333 0.12 0.32 0.166667 0.0333333 0.0466667
 0.04 0.0933333 0.286667 0.2 0.1 0.18 0.0666667 0.0333333
 0.00666667 0.133333 0.133333 0.386667 0.12 0.0666667 0.0933333 0.06
 0.0266667 0.0533333 0.253333 0.273333 0.266667 0.06 0.0333333 0.0333333
 0.0466667 0.0533333 0.0533333 0.38 0.2 0.126667 0.0533333 0.0866667
 0 0.0933333 0.26 0.106667 0.206667 0.146667 0.12 0.0666667
 0.0133333 0.0933333 0.186667 0.246667 0.0666667 0.16 0.08 0.153333
 0 0.0133333 0.16 0.326667 0.18 0.14 0.1 0.08
 0 0 0.153333 0.3 0.253333 0.113333 0.06 0.12
 0.00666667 0.0266667 0.133333 0.253333 0.246667 0.146667 0.0866667 0.1
 0 0.02 0.213333 0.213333 0.173333 0.126667 0.113333 0.14
 0.00666667 0.02 0.14 0.18 0.14 0.206667 0.12 0.186667
 0.00666667 0.0266667 0.14 0.306667 0.193333 0.146667 0.0666667 0.113333
 0 0.02 0.233333 0.213333 0.226667 0.133333 0.0533333 0.12
 0.0333333 0.06 0.22 0.253333 0.0933333 0.14 0.0866667 0.113333
 0 0.0733333 0.22 0.28 0.226667 0.0933333 0.0466667 0.06
 0.00666667 0.0333333 0.366667 0.226667 0.14 0.1 0.0333333 0.0933333
 0.00666667 0.02 0.146667 0.533333 0.173333 0.0466667 0.0466667 0.0266667
 0 0.02 0.126667 0.253333 0.433333 0.08 0.0533333 0.0333333
 0.0133333 0.1 0.253333 0.146667 0.193333 0.2 0.0533333 0.04
 0 0.0466667 0.546667 0.2 0.0733333 0.0733333 0.0466667 0.0133333
 0.00666667 0.0266667 0.32 0.466667 0.0933333 0.04 0.02 0.0266667
 0.00666667 0.08 0.146667 0.433333 0.28 0.04 0.00666667 0.00666667
 0 0.0333333 0.233333 0.206667 0.373333 0.14 0.0133333 0
 0 0.08 0.34 0.333333 0.1 0.113333 0.0266667 0.00666667
 0.00666667 0.0733333 0.266667 0.346667 0.213333 0.0466667 0.0333333 0.0133333
 0 0.06 0.26 0.293333 0.273333 0.08 0.00666667 0.0266667
 0.00666667 0.08 0.373333 0.246667 0.166667 0.1 0.02 0.00666667
 0.00666667 0.02 0.386667 0.34 0.126667 0.0733333 0.02 0.0266667
 0.0333333 0.0533333 0.1 0.486667 0.213333 0.0733333 0.00666667 0.0333333
 0 0.126667 0.146667 0.18 0.38 0.12 0.0266667 0.02
 0 0.04 0.406667 0.226667 0.0466667 0.226667 0.0333333 0.02
 0 0.0266667 0.173333 0.506667 0.16 0.02 0.0866667 0.0266667
 0 0 0.306667 0.186667 0.366667 0.1 0.0133333 0.0266667
 0.00666667 0.04 0.113333 0.32 0.16 0.28 0.04 0.04
 0.0266667 0.0466667 0.286667 0.126667 0.34 0.0733333 0.0733333 0.0266667
 0 0.04 0.273333 0.32 0.1 0.133333 0.06 0.0733333
#OBS_catch_prop_N_EM
 150
 150
 150
 150
 150
 150
 150
 150
 150
 150
 150
 150
 150
 150
 150
 150
 150
 150
 150
 150
 150
 150
 150
 150
 150
 150
 150
 150
 150
 150
 150
 150
 150
 150
 150
 150
 150
 150
 150
 150
 150
 150
 150
 150
 150
 150
 150
 150
 150
 150
 150
 150
 150
 150
 150
 150
 150
 150
 150
 150

#nyrs_release
7
#years_of_tag_releases 
 1 5 10 15 20 25 30
#max_life_tags
5
#age_full_selection
 8 8 8 8 8 8 8 8 8 8 8 8 8 8 8 8 8 8 8 8 8 8 8 8 8 8 8 8 8 8
 8 8 8 8 8 8 8 8 8 8 8 8 8 8 8 8 8 8 8 8 8 8 8 8 8 8 8 8 8 8
#input_report_rate_EM
 0.7
 0.8
#ntags
 47.0219 352.684 960.799 734.353 433.782 414.354 256.611 217.228
 82.5468 308.876 667.793 602.866 572.826 319.719 272.477 490.826
 35.0009 435.374 1425.11 694.872 314.225 233.466 86.1283 177.01
 64.7146 355.852 1665.17 1181.92 297.326 74.1735 62.496 74.2836
 104.597 797.687 1056.93 868.982 511.41 149.975 44.3681 66.7189
 102.04 518.251 1400.61 629.65 208.021 282.771 114.163 93.8342
 47.262 487.274 1076.8 775.339 181.165 368.85 140.983 238.855
 27.6059 112.551 334.322 438.932 261.433 179.251 139.923 89.1499
 34.674 132.543 359.621 427.63 218.542 167.107 127.581 214.373
 18.4157 158.209 747.317 317.415 140.818 115.43 34.9652 66.2475
 62.2947 114.594 558.721 338.56 97.04 16.7937 14.7834 21.2824
 144.142 250.279 401.222 261.729 223.865 80.3332 16.249 21.5136
 75.5325 127.739 820.72 269.833 86.8644 179.906 62.0203 28.0472
 32.7711 396.279 390.742 416.049 140.879 169.495 62.1213 75.1424
#ntags_total
 5000 5000 5000 5000 5000 5000 5000
#tag_N_EM
 200 200 200 200 200 200 200 200
 200 200 200 200 200 200 200 200
 200 200 200 200 200 200 200 200
 200 200 200 200 200 200 200 200
 200 200 200 200 200 200 200 200
 200 200 200 200 200 200 200 200
 200 200 200 200 200 200 200 200
 200 200 200 200 200 200 200 200
 200 200 200 200 200 200 200 200
 200 200 200 200 200 200 200 200
 200 200 200 200 200 200 200 200
 200 200 200 200 200 200 200 200
 200 200 200 200 200 200 200 200
 200 200 200 200 200 200 200 200

#input_T_EM
 0.85
 0.15
 0.85
 0.15
 0.85
 0.15
 0.85
 0.15
 0.85
 0.15
 0.85
 0.15
 0.85
 0.15
 0.85
 0.15

 0.25
 0.75
 0.25
 0.75
 0.25
 0.75
 0.25
 0.75
 0.25
 0.75
 0.25
 0.75
 0.25
 0.75
 0.25
 0.75


#OBS_tag_prop_final
 0.005 0 0.01 0.015 0.035 0.03 0.01 0.05 0.025 0.025 0.795
 0.025 0 0.055 0.025 0.03 0.05 0.03 0.05 0.005 0.035 0.695
 0.015 0.01 0.08 0.03 0.03 0.04 0.04 0.01 0.01 0.02 0.715
 0.025 0.04 0.045 0.045 0.05 0.05 0.035 0.01 0.02 0.01 0.67
 0.08 0.055 0.045 0.025 0.035 0.03 0.035 0.025 0.025 0 0.645
 0.035 0.045 0.06 0.03 0.03 0.02 0.08 0.03 0.02 0 0.65
 0.07 0.01 0.06 0.025 0.035 0.01 0.045 0.025 0.01 0.01 0.7
 0.1 0.01 0.065 0.025 0.055 0.04 0.04 0.02 0.02 0.005 0.62
 0.005 0 0.02 0 0.06 0.05 0.04 0.07 0.03 0.025 0.7
 0.015 0 0.075 0.03 0.06 0.02 0.05 0.025 0.005 0.005 0.715
 0.04 0.055 0.065 0.095 0.045 0.045 0.02 0.025 0.01 0 0.6
 0.085 0.055 0.08 0.055 0.025 0.025 0.03 0 0.01 0.005 0.63
 0.125 0.045 0.085 0.045 0.045 0.025 0.005 0.01 0.005 0.01 0.6
 0.12 0.04 0.11 0.015 0.045 0.025 0.025 0.02 0.015 0 0.585
 0.16 0.025 0.09 0.015 0.04 0.005 0.03 0.015 0.015 0 0.605
 0.125 0.065 0.105 0.03 0.045 0.03 0.03 0.015 0.02 0.01 0.525
 0.02 0 0.035 0.06 0.05 0.06 0.08 0.025 0.025 0.01 0.635
 0.03 0 0.095 0.065 0.06 0.05 0.005 0.055 0.015 0.005 0.62
 0.045 0.05 0.045 0.115 0.02 0.05 0.025 0.04 0.005 0.01 0.595
 0.11 0.09 0.09 0.045 0.02 0.025 0.025 0.015 0.01 0 0.57
 0.155 0.085 0.055 0.065 0.065 0.04 0.035 0.025 0.005 0.015 0.455
 0.15 0.055 0.115 0.045 0.05 0.01 0.03 0.04 0.005 0.005 0.495
 0.205 0.035 0.1 0.03 0.075 0.015 0.035 0.03 0.005 0 0.47
 0.115 0.045 0.115 0.035 0.05 0 0.035 0.02 0.005 0.01 0.57
 0 0 0.08 0.015 0.115 0.04 0.04 0.05 0.015 0.005 0.64
 0.04 0.01 0.15 0.035 0.07 0.06 0.015 0.015 0.01 0 0.595
 0.08 0.09 0.125 0.06 0.04 0.025 0.01 0.005 0.005 0.005 0.555
 0.15 0.055 0.13 0.035 0.04 0.015 0.025 0.005 0.005 0.005 0.535
 0.165 0.15 0.125 0.025 0.06 0.015 0 0.005 0.005 0 0.45
 0.23 0.02 0.14 0.02 0.06 0.005 0.01 0.01 0 0 0.505
 0.255 0.07 0.115 0.025 0.04 0.005 0 0 0.015 0 0.475
 0.28 0.05 0.11 0.03 0.08 0.015 0.015 0.01 0.005 0 0.405
 0.005 0 0.025 0.025 0.065 0.04 0.045 0.035 0.015 0.03 0.715
 0.02 0.01 0.11 0.065 0.035 0.035 0.03 0.025 0.015 0.01 0.645
 0.075 0.025 0.08 0.115 0.025 0.015 0.03 0.015 0.005 0.005 0.61
 0.155 0.045 0.08 0.085 0.04 0.015 0.01 0.01 0 0.005 0.555
 0.24 0.08 0.075 0.025 0.03 0.015 0.025 0.02 0.005 0.01 0.475
 0.31 0.015 0.06 0.035 0.035 0.015 0.045 0.005 0.01 0.005 0.465
 0.305 0.01 0.125 0.015 0.05 0.005 0.045 0 0.01 0 0.435
 0.25 0.01 0.08 0.015 0.045 0.015 0.025 0.015 0.01 0 0.535
 0 0 0.08 0.03 0.05 0.01 0.015 0.04 0.01 0.03 0.735
 0.03 0 0.05 0.045 0.07 0.025 0.01 0.04 0.005 0.03 0.695
 0.055 0.03 0.105 0.025 0.015 0.03 0.015 0.02 0.015 0.01 0.68
 0.115 0.045 0.12 0.025 0.05 0 0.005 0.015 0.01 0.01 0.605
 0.15 0.065 0.08 0.065 0.025 0.01 0.015 0.02 0 0.005 0.565
 0.16 0.06 0.105 0.03 0.06 0.005 0.01 0.015 0.01 0.01 0.535
 0.135 0.06 0.08 0.025 0.07 0.01 0.025 0.02 0 0 0.575
 0.11 0.03 0.145 0.02 0.05 0.015 0.02 0.01 0 0.015 0.585
 0 0 0 0 0 0 0 0 0 0 1
 0.01 0 0 0 0 0 0 0 0 0 0.99
 0.015 0.015 0 0 0 0 0 0 0 0 0.97
 0.04 0.02 0 0 0 0 0 0 0 0 0.94
 0.01 0.02 0 0 0 0 0 0 0 0 0.97
 0.045 0 0 0 0 0 0 0 0 0 0.955
 0.035 0.01 0 0 0 0 0 0 0 0 0.955
 0.08 0.005 0 0 0 0 0 0 0 0 0.915
 0 0 0.015 0.04 0.01 0.07 0.025 0.025 0.03 0.015 0.77
 0 0.005 0.02 0.095 0.02 0.06 0.015 0.025 0.015 0.01 0.735
 0.005 0.045 0.02 0.095 0.02 0.06 0.01 0.035 0.025 0.025 0.66
 0.025 0.095 0.02 0.065 0.01 0.045 0.005 0.03 0.015 0.01 0.68
 0.01 0.165 0.045 0.075 0.035 0.035 0.03 0.03 0.02 0.01 0.545
 0.01 0.1 0.015 0.1 0.015 0.045 0.02 0.02 0.005 0.015 0.655
 0.01 0.115 0.03 0.06 0.02 0.05 0.015 0.01 0.02 0 0.67
 0.03 0.12 0.035 0.105 0.015 0.065 0.005 0.015 0 0.015 0.595
 0 0 0.02 0.07 0.015 0.045 0.01 0.055 0 0.01 0.775
 0 0 0.04 0.09 0.02 0.055 0.03 0.05 0.015 0.015 0.685
 0.01 0.07 0.025 0.125 0.005 0.05 0.01 0.025 0 0.01 0.67
 0.005 0.22 0.015 0.115 0.005 0.065 0.005 0.015 0.005 0.015 0.535
 0.03 0.175 0.035 0.07 0.06 0.05 0.025 0.01 0 0.005 0.54
 0.02 0.24 0.025 0.08 0.015 0.03 0.01 0.05 0 0.02 0.51
 0.015 0.21 0.055 0.095 0.01 0.04 0.01 0.035 0.015 0.005 0.51
 0.035 0.17 0.025 0.065 0.03 0.04 0.025 0.02 0.005 0 0.585
 0 0.01 0.025 0.07 0.05 0.075 0.075 0.06 0.01 0.015 0.61
 0 0.025 0.01 0.095 0.07 0.055 0.01 0.045 0 0.01 0.68
 0.015 0.075 0.02 0.12 0.02 0.04 0.01 0.015 0.01 0.01 0.665
 0.05 0.17 0.02 0.08 0.055 0.035 0.02 0.015 0 0.005 0.55
 0.04 0.25 0.05 0.09 0.04 0.045 0.015 0.005 0.005 0.01 0.45
 0.01 0.28 0.02 0.105 0.02 0.04 0.015 0.035 0 0.01 0.465
 0.05 0.205 0.04 0.105 0.02 0.04 0.02 0.02 0 0.01 0.49
 0.035 0.25 0.035 0.135 0.045 0.04 0.025 0.02 0.01 0.005 0.4
 0 0.01 0.025 0.095 0.05 0.08 0.005 0.075 0.005 0.02 0.635
 0.005 0.045 0.04 0.13 0.025 0.07 0 0.01 0.01 0 0.665
 0.015 0.3 0.035 0.045 0.02 0.03 0.01 0 0 0.01 0.535
 0.025 0.29 0.04 0.09 0.035 0.015 0.01 0.005 0 0 0.49
 0.04 0.415 0.025 0.095 0.01 0.025 0 0 0 0 0.39
 0 0.48 0.015 0.095 0.005 0.015 0.005 0.005 0 0.01 0.37
 0.025 0.5 0.015 0.065 0.005 0.015 0.005 0 0 0 0.37
 0.02 0.52 0.015 0.1 0.01 0.015 0 0.005 0 0.005 0.31
 0 0 0.015 0.065 0.045 0.05 0.035 0.06 0.01 0.02 0.7
 0 0.03 0.06 0.13 0.025 0.04 0.01 0.01 0 0.02 0.675
 0.025 0.14 0.035 0.07 0.015 0.025 0.015 0.02 0 0.005 0.65
 0.05 0.27 0.01 0.12 0 0.02 0.005 0.02 0.005 0.01 0.49
 0.015 0.33 0.015 0.115 0 0.035 0 0.015 0 0.01 0.465
 0 0.38 0.005 0.135 0.005 0.02 0 0.015 0 0.02 0.42
 0.02 0.32 0.01 0.125 0.01 0.055 0.005 0.02 0 0.005 0.43
 0.01 0.385 0 0.125 0 0.045 0.005 0.005 0 0 0.425
 0 0 0.025 0.05 0.02 0.015 0.015 0.035 0 0.025 0.815
 0 0.01 0.015 0.115 0.01 0 0 0.065 0.005 0.025 0.755
 0 0.095 0.035 0.075 0.04 0.005 0.015 0.025 0 0.015 0.695
 0.015 0.255 0.03 0.115 0.01 0.02 0.01 0.01 0 0.015 0.52
 0.02 0.245 0.025 0.06 0.025 0.01 0.005 0.025 0 0.035 0.55
 0.01 0.25 0.015 0.1 0.01 0.03 0.01 0.02 0.005 0.005 0.545
 0.025 0.3 0.025 0.055 0.01 0.005 0.01 0.035 0 0.015 0.52
 0.01 0.27 0.045 0.095 0.015 0.01 0.005 0.02 0 0.005 0.525
 0 0 0 0 0 0 0 0 0 0 1
 0 0 0 0 0 0 0 0 0 0 1
 0.005 0.03 0 0 0 0 0 0 0 0 0.965
 0 0.065 0 0 0 0 0 0 0 0 0.935
 0.005 0.065 0 0 0 0 0 0 0 0 0.93
 0 0.065 0 0 0 0 0 0 0 0 0.935
 0 0.06 0 0 0 0 0 0 0 0 0.94
 0.015 0.075 0 0 0 0 0 0 0 0 0.91
#OBS_tag_prop_final_no_age
 0 0 0 0 0 0 0 0 0 0 0
 0 0 0 0 0 0 0 0 0 0 0
 0 0 0 0 0 0 0 0 0 0 0
 0 0 0 0 0 0 0 0 0 0 0
 0 0 0 0 0 0 0 0 0 0 0
 0 0 0 0 0 0 0 0 0 0 0
 0 0 0 0 0 0 0 0 0 0 0
 0 0 0 0 0 0 0 0 0 0 0
 0 0 0 0 0 0 0 0 0 0 0
 0 0 0 0 0 0 0 0 0 0 0
 0 0 0 0 0 0 0 0 0 0 0
 0 0 0 0 0 0 0 0 0 0 0
 0 0 0 0 0 0 0 0 0 0 0
 0 0 0 0 0 0 0 0 0 0 0
#input_M_EM
 0.2 0.2 0.2 0.2 0.2 0.2 0.2 0.2
 0.25 0.25 0.25 0.25 0.25 0.25 0.25 0.25
#input_R_ave_EM
 6000 4000
#input_Rec_Prop_EM
 1 1 1 1 1 1 1 1 1 1 1 1 1 1 1 1 1 1 1 1 1 1 1 1 1 1 1 1 1 1
 1 1 1 1 1 1 1 1 1 1 1 1 1 1 1 1 1 1 1 1 1 1 1 1 1 1 1 1 1 1
#input_selectivity_EM
 0.05
 0.1
 0.25
 0.68
 0.95
 0.99
 1
 1
 0.01
 0.05
 0.37
 0.84
 0.97
 1
 1
 1

#input_survey_selectivity_EM
 0.03
 0.3
 0.75
 0.95
 1
 1
 1
 1
 0.05
 0.2
 0.69
 0.9
 1
 1
 1
 1

#input_steep_EM
 0.8 0.8
#input_dist_init_abund
 1
 0
 0
 1
#frac_natal_true
 1
 0
 0
 1
#input_M_TRUE
 0.2 0.2 0.2 0.2 0.2 0.2 0.2 0.2
 0.25 0.25 0.25 0.25 0.25 0.25 0.25 0.25
#init_abund_TRUE
 6000 5000 5040 4320 3000 2500 1500 1000
 0 0 0 0 0 0 0 0
 0 0 0 0 0 0 0 0
 4000 3500 4000 3000 1250 1000 900 800
#q_survey
 0.0015
 0.001
#sel_beta1
 1.31426
 2.44878
#sel_beta2
 3.75925
 3.16045
#sel_beta3
 -0.6
 -0.6
#sel_beta4
 20
 20
#sel_beta1_survey
 2.51256
 1.81389
#sel_beta2_survey
 2.31079
 2.64324
#sel_beta3_survey
 -0.6
 -0.6
#sel_beta4_survey
 20
 20
#steep
 0.7 0.7
#R_ave
 6000 4000
#SSB_zero
 55889.1 26502.8
#rec_devs
 0.398416 0.832586 0.829848 0.609935 1.23077 0.496144 0.486795 2.16068 0.90405 0.564628 1.06931 1.51514 1.80106 0.760168 0.978034 1.98246 1.11949 0.663283 1.60477 1.13216 0.311692 0.768017 0.708501 1.05026 1.33074 0.306996 0.9626 1.00848 0.900627 0.732356
 1.37772 1.27872 0.775427 0.788213 0.739586 1.10403 1.59682 1.05415 0.898026 0.376743 0.698638 1.79268 1.31357 0.541063 1.50724 0.5988 0.677684 1.23734 0.932401 2.70131 0.775733 1.07252 3.14045 0.583424 1.4818 0.788557 1.39722 1.22346 2.30711 0.671924
#Rec_Prop
 1 1 1 1 1 1 1 1 1 1 1 1 1 1 1 1 1 1 1 1 1 1 1 1 1 1 1 1 1
 1 1 1 1 1 1 1 1 1 1 1 1 1 1 1 1 1 1 1 1 1 1 1 1 1 1 1 1 1
#recruits_BM
 6000 4429.42 4443.27 3186.2 6348.23 2453.88 2301.52 9554.34 3821.16 2259.84 4164.38 5861.22 6909.5 2632.22 2898.27 6404.96 3935.69 2156.7 4744.61 3214.57 925.635 2176.52 2097.47 3452.05 4119.71 960.559 3174.91 3472.12 3152.63 2671.21
 4000 4994.19 3034.05 3094.65 2814.8 4107.91 5723.62 3627.3 2974.5 1201.96 2195.08 5751.44 4224.42 1666.06 3840.16 1580.68 1643.74 3198.94 2308.06 6713.97 1919.17 2780.79 8262.06 1644.51 4433.08 2252.09 4063.82 3793.69 7535.03 2162.08
#F
 0.00518456 0.018025 0.053873 0.11569 0.167252 0.190005 0.197213 0.199243
 0.00639431 0.022231 0.0664436 0.142685 0.206279 0.23434 0.24323 0.245734
 0.00738222 0.0256656 0.0767089 0.164729 0.238148 0.270545 0.280808 0.2837
 0.0077029 0.0267805 0.0800412 0.171885 0.248493 0.282297 0.293006 0.296024
 0.00814621 0.0283217 0.0846476 0.181777 0.262794 0.298544 0.309869 0.31306
 0.0105134 0.0365517 0.109245 0.234599 0.339159 0.385297 0.399913 0.404031
 0.00923647 0.0321122 0.0959766 0.206106 0.297966 0.3385 0.351341 0.354959
 0.010704 0.0372143 0.111225 0.238852 0.345307 0.392281 0.407163 0.411355
 0.0112214 0.0390132 0.116602 0.250398 0.361999 0.411244 0.426845 0.43124
 0.0111666 0.0388227 0.116033 0.249175 0.360232 0.409236 0.424761 0.429134
 0.0116407 0.0404709 0.120959 0.259754 0.375525 0.426609 0.442793 0.447353
 0.0168914 0.0587258 0.175519 0.376919 0.54491 0.619038 0.642521 0.649137
 0.0212096 0.073739 0.22039 0.473278 0.684216 0.777294 0.806781 0.815088
 0.013592 0.0472549 0.141235 0.303296 0.438473 0.498121 0.517018 0.522342
 0.0148663 0.0516852 0.154476 0.331731 0.479581 0.544822 0.56549 0.571313
 0.0198978 0.069178 0.206758 0.444005 0.641895 0.729216 0.756879 0.764673
 0.0193194 0.0671673 0.200749 0.431099 0.623238 0.70802 0.734879 0.742447
 0.0182297 0.0633787 0.189425 0.406783 0.588084 0.668085 0.693429 0.700569
 0.0158477 0.0550972 0.164674 0.35363 0.511241 0.580788 0.60282 0.609028
 0.0158217 0.0550069 0.164404 0.35305 0.510403 0.579836 0.601832 0.608029
 0.0137093 0.0476629 0.142454 0.305914 0.442259 0.502422 0.521481 0.526851
 0.00857374 0.0298081 0.0890901 0.191317 0.276586 0.314212 0.326132 0.32949
 0.0135423 0.0470822 0.140719 0.302187 0.436871 0.496301 0.515128 0.520433
 0.00882016 0.0306649 0.0916507 0.196816 0.284536 0.323243 0.335505 0.33896
 0.00797774 0.027736 0.082897 0.178018 0.257359 0.29237 0.303461 0.306586
 0.0126303 0.0439113 0.131241 0.281836 0.407448 0.462876 0.480435 0.485382
 0.0123968 0.0430997 0.128816 0.276627 0.399918 0.454321 0.471556 0.476411
 0.00540113 0.018778 0.0561233 0.120522 0.174239 0.197941 0.20545 0.207566
 0.00259228 0.00901252 0.0269365 0.057845 0.0836262 0.0950024 0.0986063 0.0996217
 0.00259228 0.00901252 0.0269365 0.057845 0.0836262 0.0950024 0.0986063 0.0996217
 0.00125354 0.0137781 0.100754 0.221635 0.247266 0.249761 0.249979 0.249998
 0.00149837 0.0164692 0.120433 0.264923 0.29556 0.298543 0.298804 0.298826
 0.00176036 0.0193488 0.14149 0.311244 0.347238 0.350743 0.351049 0.351075
 0.00201732 0.0221731 0.162143 0.356676 0.397925 0.401941 0.402291 0.402322
 0.00221624 0.0243596 0.178132 0.391847 0.437163 0.441575 0.44196 0.441994
 0.00216507 0.0237971 0.174019 0.3828 0.427069 0.431379 0.431756 0.431788
 0.00235082 0.0258388 0.188949 0.415642 0.463709 0.468389 0.468798 0.468834
 0.00350293 0.0385021 0.281551 0.619344 0.690969 0.697943 0.698552 0.698605
 0.00287127 0.0315593 0.230781 0.507662 0.566371 0.572087 0.572587 0.57263
 0.00258514 0.0284143 0.207782 0.457071 0.50993 0.515076 0.515526 0.515565
 0.00320728 0.0352525 0.257787 0.567071 0.63265 0.639035 0.639593 0.639641
 0.00269623 0.0296353 0.216711 0.476713 0.531843 0.537211 0.537679 0.53772
 0.00585974 0.0644067 0.470981 1.03604 1.15586 1.16752 1.16854 1.16863
 0.00411963 0.0452804 0.331118 0.72838 0.812614 0.820816 0.821532 0.821594
 0.00658621 0.0723916 0.529371 1.16449 1.29916 1.31227 1.31342 1.31351
 0.00445816 0.0490014 0.358328 0.788235 0.879391 0.888266 0.889042 0.889109
 0.00406659 0.0446974 0.326855 0.719002 0.802152 0.810248 0.810955 0.811016
 0.00420305 0.0461974 0.337823 0.74313 0.82907 0.837438 0.838169 0.838232
 0.00392616 0.043154 0.315568 0.694174 0.774452 0.782268 0.782951 0.78301
 0.00357176 0.0392587 0.287083 0.631514 0.704546 0.711657 0.712278 0.712332
 0.00361246 0.039706 0.290354 0.63871 0.712574 0.719766 0.720394 0.720448
 0.00267743 0.0294287 0.215201 0.47339 0.528136 0.533466 0.533931 0.533972
 0.00287964 0.0316513 0.231454 0.509142 0.568023 0.573755 0.574256 0.574299
 0.00308145 0.0338695 0.247674 0.544823 0.60783 0.613965 0.614501 0.614547
 0.00259331 0.0285041 0.208439 0.458516 0.511542 0.516705 0.517156 0.517195
 0.00192159 0.021121 0.154449 0.339752 0.379043 0.382868 0.383202 0.383231
 0.000626769 0.00688906 0.050377 0.110817 0.123633 0.124881 0.12499 0.124999
 0.00268439 0.0295051 0.215759 0.474619 0.529507 0.534851 0.535318 0.535358
 0.00304304 0.0334472 0.244586 0.538031 0.600252 0.60631 0.60684 0.606885
 0.000626769 0.00688906 0.050377 0.110817 0.123633 0.124881 0.12499 0.124999
#Fyear
 0.2
 0.246667
 0.284777
 0.297148
 0.314249
 0.405566
 0.356307
 0.412917
 0.432878
 0.430764
 0.449051
 0.651602
 0.818184
 0.524325
 0.573482
 0.767577
 0.745266
 0.70323
 0.61134
 0.610338
 0.528852
 0.330741
 0.522409
 0.340247
 0.30775
 0.487225
 0.478221
 0.208354
 0.1
 0.1
 0.25
 0.298828
 0.351078
 0.402325
 0.441997
 0.431791
 0.468837
 0.69861
 0.572634
 0.515569
 0.639646
 0.537724
 1.16864
 0.8216
 1.31352
 0.889115
 0.811022
 0.838238
 0.783016
 0.712337
 0.720453
 0.533975
 0.574304
 0.614551
 0.517198
 0.383234
 0.125
 0.535362
 0.60689
 0.125
#biomass_AM
 68335.2 68130.1 59556 55325.2 47114.3 41122 34279.7 33797.4 30797.7 28419.7 28583.6 26661.6 24034.2 20714.6 22946.7 25104.1 21117.6 18676.8 18128.8 18652.2 16888 17772.5 20075.4 17593.7 20101.4 21032.5 21580.4 22216.1 23383.9 26050
 63042.1 60738.2 59512.6 48724.9 44001.7 36174.8 32652.8 30022.4 26774.6 27289 26645.7 24931.4 23046.6 19252.7 20822.2 14916.9 15360.6 15967.8 15650.3 16609.4 17671.8 18838.1 21610.6 21043.2 21539.3 22544.6 23432.9 26841.7 26747.2 24767.7
#biomass_population
 68335.2 68130.1 59556 55325.2 47114.3 41122 34279.7 33797.4 30797.7 28419.7 28583.6 26661.6 24034.2 20714.6 22946.7 25104.1 21117.6 18676.8 18128.8 18652.2 16888 17772.5 20075.4 17593.7 20101.4 21032.5 21580.4 22216.1 23383.9 26050
 63042.1 60738.2 59512.6 48724.9 44001.7 36174.8 32652.8 30022.4 26774.6 27289 26645.7 24931.4 23046.6 19252.7 20822.2 14916.9 15360.6 15967.8 15650.3 16609.4 17671.8 18838.1 21610.6 21043.2 21539.3 22544.6 23432.9 26841.7 26747.2 24767.7
#catch_at_age_fleet_prop
 0.0161854 0.0481067 0.144922 0.205296 0.173291 0.187982 0.120853 0.103365
 0.0131873 0.0427501 0.10949 0.223792 0.195755 0.131632 0.129335 0.154058
 0.0142251 0.0416745 0.115728 0.188747 0.184924 0.152618 0.0951788 0.206905
 0.0117597 0.0404094 0.0910758 0.207371 0.175024 0.152098 0.105585 0.216677
 0.0263376 0.0390589 0.0934274 0.156517 0.21281 0.134985 0.11945 0.217415
 0.0133411 0.0797243 0.102825 0.176531 0.138138 0.143271 0.0924367 0.253732
 0.015297 0.0410609 0.183147 0.176715 0.173164 0.105381 0.0936421 0.211594
 0.0583012 0.0496767 0.104391 0.286019 0.13226 0.119643 0.0769537 0.172755
 0.025396 0.159015 0.137841 0.177763 0.22312 0.081709 0.0613036 0.133853
 0.0143238 0.0706263 0.255917 0.231918 0.150344 0.127065 0.0486886 0.101117
 0.026443 0.0365344 0.161768 0.410641 0.132847 0.0844544 0.0668024 0.0805095
 0.047068 0.0808331 0.089421 0.267093 0.304168 0.0798088 0.0478344 0.0837741
 0.0646431 0.148165 0.205301 0.134784 0.185977 0.143254 0.0511965 0.0666787
 0.0237399 0.174958 0.273151 0.253859 0.0825907 0.0859449 0.0616245 0.044132
 0.0254281 0.055436 0.287396 0.379998 0.137418 0.039053 0.034194 0.0410769
 0.0503496 0.0713056 0.12621 0.396858 0.241957 0.065998 0.0166687 0.0306535
 0.0382873 0.139145 0.214823 0.179656 0.25274 0.121292 0.0321796 0.0218774
 0.0240272 0.0978143 0.298766 0.277666 0.102619 0.123163 0.0533093 0.0226356
 0.0498679 0.0748297 0.212681 0.370097 0.155297 0.0518401 0.0531179 0.0322693
 0.0409059 0.12369 0.181612 0.278336 0.235666 0.0787642 0.0242179 0.0368078
 0.0118793 0.126298 0.253778 0.26126 0.168981 0.110796 0.0382652 0.028743
 0.0231722 0.032182 0.28537 0.321453 0.168768 0.0840067 0.0539861 0.0310633
 0.0313849 0.0652571 0.0923734 0.403693 0.224176 0.0984 0.0431543 0.0415605
 0.0375652 0.108728 0.170131 0.145216 0.281827 0.149438 0.0561023 0.0509921
 0.0436601 0.0878842 0.262767 0.219193 0.103616 0.160059 0.0670969 0.055724
 0.00998803 0.115332 0.171927 0.333413 0.161908 0.0623428 0.0823943 0.0626943
 0.029464 0.0292035 0.251723 0.239314 0.256645 0.087494 0.0337 0.0724563
 0.0299453 0.0740724 0.0765737 0.362665 0.190143 0.155016 0.0501276 0.0614574
 0.0284452 0.0863676 0.183357 0.126757 0.253733 0.128505 0.117408 0.0754273
 0.0184826 0.0755046 0.184437 0.245933 0.082044 0.189614 0.0752241 0.12876
 0.00214491 0.0195608 0.154046 0.318246 0.197757 0.135401 0.105587 0.0672573
 0.00272327 0.0224275 0.123874 0.262346 0.254941 0.133845 0.0905452 0.109298
 0.00192269 0.0255805 0.127911 0.202162 0.260977 0.171088 0.0867635 0.123596
 0.00228085 0.0222505 0.189708 0.195804 0.183013 0.167542 0.115245 0.124156
 0.0025438 0.0217551 0.156849 0.295059 0.157549 0.120317 0.0917669 0.154159
 0.0041469 0.0311429 0.143603 0.236797 0.250358 0.129189 0.0786824 0.126079
 0.0065605 0.0412504 0.224362 0.212619 0.167552 0.144144 0.0763439 0.127167
 0.00481473 0.0580155 0.218065 0.299511 0.16487 0.0856753 0.0591588 0.10989
 0.00409595 0.0525286 0.276059 0.24621 0.207422 0.081338 0.0487188 0.083628
 0.00162389 0.031215 0.392195 0.264201 0.12255 0.100337 0.030363 0.0575146
 0.0030962 0.0164179 0.160637 0.441232 0.220626 0.068043 0.0504915 0.0394566
 0.00914279 0.0361189 0.112264 0.237465 0.386803 0.130047 0.039382 0.0487767
 0.00945892 0.108287 0.227127 0.154647 0.182664 0.227904 0.0511044 0.038807
 0.00336606 0.068709 0.514418 0.217256 0.0637213 0.0520981 0.0550121 0.0254193
 0.00716912 0.029538 0.389002 0.390988 0.118688 0.0205426 0.0180676 0.0260047
 0.00454952 0.0776663 0.169167 0.435492 0.236959 0.0497375 0.0086497 0.017779
 0.00433326 0.0609728 0.305071 0.203388 0.296321 0.103737 0.0170415 0.00913514
 0.00771775 0.0458466 0.320346 0.343245 0.126461 0.111066 0.0360755 0.0092421
 0.00591338 0.0581663 0.226059 0.394529 0.211408 0.0463948 0.0413098 0.0162197
 0.0159824 0.0621069 0.26563 0.277074 0.248359 0.0890383 0.0179923 0.0238161
 0.00395678 0.108217 0.30564 0.253743 0.174717 0.108658 0.0306806 0.014387
 0.00472142 0.0254391 0.40369 0.310077 0.134973 0.068885 0.0367828 0.0154321
 0.0131316 0.0387915 0.0988687 0.498788 0.219262 0.0691317 0.034706 0.0273202
 0.00320348 0.109055 0.201313 0.135924 0.375511 0.110356 0.0363727 0.0282649
 0.00667764 0.0252683 0.43184 0.225196 0.0757988 0.156802 0.0540018 0.0244153
 0.00309775 0.0487856 0.135725 0.534133 0.135227 0.0347132 0.072579 0.0357402
 0.00533081 0.0235517 0.252646 0.193506 0.361769 0.0847884 0.0181704 0.0602378
 0.00525007 0.0493315 0.11093 0.360527 0.150453 0.228939 0.0506941 0.0438765
 0.011281 0.0446619 0.248983 0.137842 0.31866 0.0905801 0.102689 0.0453024
 0.00286622 0.077516 0.202395 0.33827 0.119425 0.143471 0.0525299 0.0635256
#yield_fleet
 8266.26
 10354
 10448.5
 10288.8
 9055.36
 9669.27
 7017.59
 7163.09
 6322.63
 5976.46
 6301.97
 7971.4
 7498
 4141.54
 5346.85
 7773.2
 6194.35
 5186.35
 4409.46
 4600.94
 3781.79
 2767.44
 4973.02
 2939.01
 2839.77
 4727.68
 4932.51
 2508.2
 1322.36
 1499.11
 10449
 11939
 13639.5
 12221.1
 11960.8
 9387.81
 8348.81
 10373
 7793.97
 7239.03
 9427.54
 7249.22
 10401.2
 6200.35
 10046.1
 5900.96
 5632.74
 5743.91
 5589.23
 4819.86
 5435.31
 4834.42
 6048.29
 6271.81
 5310.14
 4932.59
 1816.39
 7953.07
 7814.32
 1831.97
#survey_at_age_fleet_prop
 0.0137619 0.10322 0.281196 0.214922 0.126954 0.121268 0.075102 0.0635759
 0.0117742 0.0963134 0.223029 0.245839 0.150406 0.0890348 0.084264 0.0993394
 0.0128336 0.094868 0.23815 0.209379 0.143413 0.104169 0.0625701 0.134617
 0.0109406 0.0948584 0.193257 0.23717 0.13992 0.107007 0.071543 0.145305
 0.024879 0.0930929 0.201268 0.181699 0.172646 0.0963609 0.0821225 0.147932
 0.0116972 0.176348 0.205489 0.189884 0.103693 0.0945654 0.0587455 0.159577
 0.01273 0.0862119 0.3475 0.18059 0.12359 0.0661614 0.0566147 0.126602
 0.0504659 0.108482 0.205949 0.303686 0.0979891 0.0779375 0.0482652 0.107225
 0.0187959 0.2969 0.232486 0.161313 0.141233 0.0454673 0.0328424 0.0709629
 0.0102908 0.128007 0.419003 0.204303 0.092387 0.0686424 0.025323 0.0520436
 0.0207646 0.0723734 0.289454 0.395234 0.089164 0.0498227 0.0379398 0.0452479
 0.0395389 0.171249 0.170909 0.273647 0.216401 0.0497957 0.0287111 0.0497478
 0.0457761 0.264541 0.330313 0.115839 0.110509 0.0744776 0.0255849 0.0329599
 0.0147609 0.274402 0.386798 0.193138 0.0437554 0.0399909 0.0275983 0.0195568
 0.0171387 0.0942422 0.440995 0.313014 0.0787426 0.0196438 0.0165512 0.0196729
 0.0391823 0.139921 0.223253 0.375415 0.158471 0.0378486 0.0091909 0.0167195
 0.0266478 0.244203 0.339922 0.152097 0.148234 0.0623092 0.0158959 0.0106906
 0.0158065 0.162272 0.447003 0.222465 0.057021 0.0599771 0.0249677 0.010488
 0.035472 0.134247 0.344316 0.321423 0.0937447 0.0274575 0.0270694 0.0162705
 0.0290493 0.221539 0.293537 0.241339 0.142032 0.041652 0.0123222 0.0185296
 0.00790417 0.211972 0.384547 0.212681 0.0957814 0.055155 0.0183335 0.0136266
 0.0163187 0.0571824 0.458276 0.278126 0.10202 0.0446795 0.0276516 0.0157462
 0.0256051 0.134293 0.171634 0.403009 0.155846 0.0600829 0.0253612 0.0241682
 0.0286684 0.209356 0.296059 0.136132 0.184561 0.086097 0.0311273 0.0279995
 0.0304657 0.154732 0.418175 0.187992 0.062108 0.084426 0.0340852 0.0280158
 0.00718534 0.209296 0.281755 0.293739 0.0994008 0.033629 0.0427826 0.032213
 0.0221436 0.0553654 0.43099 0.220305 0.164666 0.0493282 0.0182896 0.0389122
 0.0249435 0.155698 0.145549 0.3719 0.136437 0.0979422 0.030509 0.0370211
 0.0222408 0.170429 0.327322 0.122191 0.171316 0.0764354 0.0672823 0.0427833
 0.0142505 0.146923 0.324676 0.233781 0.054625 0.111216 0.0425092 0.0720197
 0.0174371 0.0710921 0.211173 0.277249 0.165133 0.113223 0.0883817 0.0563111
 0.0223045 0.0821163 0.170982 0.229853 0.214028 0.112521 0.0761964 0.0919991
 0.015728 0.093539 0.176218 0.176539 0.218291 0.143295 0.0727425 0.103647
 0.018209 0.0794009 0.254894 0.166509 0.149008 0.136588 0.0940479 0.101343
 0.0206139 0.0787976 0.213797 0.254228 0.129924 0.0993457 0.0758476 0.127446
 0.0326584 0.109625 0.190257 0.198378 0.200761 0.103727 0.0632382 0.101355
 0.0476376 0.133876 0.273929 0.163944 0.123622 0.106482 0.0564532 0.0940568
 0.0342223 0.184257 0.25965 0.223171 0.117245 0.0609859 0.0421519 0.0783166
 0.0287496 0.164771 0.325285 0.182523 0.146978 0.0577006 0.0345949 0.0593976
 0.0115183 0.0989539 0.467419 0.198531 0.0880761 0.0721974 0.0218694 0.0414353
 0.0254067 0.0602021 0.221041 0.380934 0.181923 0.0561654 0.0417187 0.0326085
 0.0700479 0.123674 0.144471 0.192519 0.299857 0.100933 0.0305956 0.037903
 0.0594763 0.304062 0.236915 0.0982692 0.109927 0.137177 0.030788 0.0233847
 0.0207668 0.189382 0.530447 0.139354 0.0389418 0.0318639 0.0336784 0.0155653
 0.0508915 0.0936176 0.456445 0.276586 0.0792765 0.0137196 0.0120772 0.0173866
 0.0317314 0.241989 0.196941 0.314237 0.162737 0.0341818 0.00595011 0.0122329
 0.0296782 0.18657 0.349294 0.144935 0.201215 0.0704991 0.0115925 0.0062156
 0.0530931 0.140904 0.368218 0.245207 0.0860519 0.0756349 0.0245905 0.00630123
 0.0415868 0.182763 0.265913 0.289247 0.147754 0.0324531 0.0289241 0.0113592
 0.103008 0.178856 0.286724 0.187039 0.15998 0.0574082 0.011612 0.0153742
 0.0242929 0.29687 0.314227 0.163084 0.107141 0.0666942 0.0188501 0.0088414
 0.0330967 0.079697 0.475345 0.230051 0.0957566 0.0489277 0.026152 0.0109746
 0.0971744 0.128286 0.12282 0.389803 0.163784 0.0516979 0.0259794 0.0204555
 0.0206045 0.313453 0.217221 0.0921166 0.243134 0.0715297 0.0235989 0.0183428
 0.0457589 0.0773866 0.497206 0.163469 0.0526239 0.10899 0.037573 0.0169915
 0.023268 0.163798 0.17162 0.427711 0.103692 0.026653 0.0557826 0.0274755
 0.0399208 0.0788601 0.319467 0.155883 0.279518 0.0656074 0.0140742 0.0466692
 0.0397438 0.1669 0.141056 0.288837 0.11526 0.175591 0.0389199 0.0336936
 0.0784981 0.13888 0.290687 0.101109 0.223332 0.0635518 0.0721188 0.0318233
 0.0194663 0.235393 0.232104 0.247136 0.0836835 0.100681 0.0369006 0.0446352
#true_survey_fleet_bio
 77.824
 77.3262
 66.4807
 61.9455
 50.9021
 42.6889
 37.0139
 32.7739
 29.033
 29.2544
 29.549
 23.8791
 18.753
 18.7
 22.5163
 21.888
 17.8898
 17.0581
 16.4617
 16.5903
 16.2706
 19.1005
 19.6852
 17.2831
 19.864
 20.8658
 21.9206
 24.0365
 25.8214
 29.6986
 43.7817
 41.3671
 40.0693
 31.703
 28.0891
 22.58
 18.9938
 15.8554
 14.8606
 15.8823
 15.3323
 13.9363
 9.4005
 9.18403
 8.45999
 7.09873
 7.62596
 7.5987
 7.74016
 7.50509
 8.62216
 10.3847
 11.0677
 11.1136
 11.7572
 13.7809
 15.7751
 15.4656
 13.8218
 16.1647
#harvest_rate_region_bio
 0.120966 0.151974 0.175441 0.18597 0.1922 0.235136 0.204716 0.211942 0.205296 0.210293 0.220475 0.298984 0.311972 0.199934 0.233012 0.309639 0.293327 0.27769 0.24323 0.24667 0.223933 0.155714 0.247718 0.167049 0.141272 0.224779 0.228564 0.1129 0.0565498 0.0575472
 0.165747 0.196565 0.229188 0.250818 0.271826 0.259512 0.255684 0.345508 0.291095 0.265273 0.353811 0.290766 0.451311 0.322052 0.482471 0.395589 0.3667 0.359718 0.357132 0.290189 0.307569 0.256629 0.279875 0.298045 0.246532 0.218792 0.0775145 0.296295 0.292154 0.073966
#depletion_region
 1 0.996999 0.871527 0.809615 0.689459 0.60177 0.50164 0.494583 0.450686 0.415886 0.418286 0.39016 0.351711 0.303132 0.335796 0.367367 0.309029 0.273311 0.265292 0.272952 0.247135 0.260079 0.293778 0.257462 0.294158 0.307785 0.315802 0.325104 0.342195 0.38121
 1 0.963455 0.944014 0.772894 0.697974 0.57382 0.517953 0.476228 0.424711 0.43287 0.422666 0.395473 0.365575 0.305394 0.330291 0.236618 0.243656 0.253288 0.248252 0.263465 0.280318 0.298818 0.342797 0.333796 0.341666 0.357612 0.371703 0.425775 0.424276 0.392876
#SSB_region
 25487.1 26294.4 23416.3 22145.6 18697.3 15917.3 12904.9 11369.4 9877.14 9243.79 9098.31 8922.47 7129.55 5290.45 6210.07 7358.01 6287.29 5268.78 4907.03 5310.77 4890.93 5281.12 6420.89 5728.87 5843.47 6464.67 7046.15 7291.97 7961.4 8743.74
 21625.4 21937.1 22545.3 17956.5 15587.6 12728.2 10532.4 9020.95 7868.06 7467.87 8023.41 8091.52 6991.16 4193.65 4562.06 3754.74 4339.71 3927.27 3963.06 3922.32 4369.32 4524.79 5396.14 6392.87 5592.8 5886.11 7150.2 8556.07 8107.38 6856.29
#Bratio_population
 0.45603 0.470474 0.418977 0.396243 0.334542 0.284802 0.230902 0.203429 0.176727 0.165395 0.162792 0.159646 0.127566 0.0946599 0.111114 0.131654 0.112496 0.0942721 0.0877993 0.0950234 0.0875114 0.0944928 0.114886 0.102504 0.104555 0.11567 0.126074 0.130472 0.14245 0.156448
 0.815966 0.827727 0.850676 0.677531 0.588149 0.48026 0.397407 0.340377 0.296877 0.281777 0.302738 0.305308 0.263789 0.158234 0.172135 0.141673 0.163745 0.148183 0.149534 0.147997 0.164863 0.170729 0.203606 0.241215 0.211027 0.222094 0.26979 0.322836 0.305907 0.2587
#T_year
 0.661908
 0.338092
 0.831007
 0.168993
 0.801471
 0.198529
 0.879546
 0.120454
 0.794584
 0.205416
 0.839301
 0.160699
 0.871572
 0.128428
 0.85237
 0.14763
 0.860287
 0.139713
 0.705023
 0.294977
 0.689549
 0.310451
 0.851386
 0.148614
 0.865401
 0.134599
 0.840718
 0.159282
 0.852976
 0.147024
 0.898708
 0.101292
 0.802662
 0.197338
 0.829567
 0.170433
 0.828334
 0.171666
 0.898132
 0.101868
 0.799047
 0.200953
 0.763508
 0.236492
 0.847263
 0.152737
 0.808448
 0.191552
 0.815909
 0.184091
 0.743448
 0.256552
 0.877913
 0.122087
 0.863721
 0.136279
 0.844766
 0.155234
 0.751981
 0.248019
 0.244621
 0.755379
 0.182207
 0.817793
 0.205562
 0.794438
 0.266279
 0.733721
 0.111706
 0.888294
 0.23367
 0.76633
 0.170467
 0.829533
 0.195067
 0.804933
 0.208486
 0.791514
 0.393983
 0.606017
 0.452348
 0.547652
 0.250173
 0.749827
 0.153632
 0.846368
 0.166587
 0.833413
 0.312605
 0.687395
 0.247771
 0.752229
 0.214714
 0.785286
 0.155514
 0.844486
 0.149439
 0.850561
 0.130647
 0.869353
 0.270986
 0.729014
 0.293797
 0.706203
 0.176214
 0.823786
 0.164107
 0.835893
 0.210149
 0.789851
 0.157485
 0.842515
 0.192816
 0.807184
 0.168452
 0.831548
 0.220604
 0.779396
 0.206319
 0.793681
#selectivity_age
 0.0259228
 0.0901252
 0.269365
 0.57845
 0.836262
 0.950024
 0.986063
 0.996217
 0.00501415
 0.0551125
 0.403016
 0.886538
 0.989063
 0.999046
 0.999917
 0.999993
#survey_selectivity_age
 0.0357967
 0.314128
 0.849625
 0.985856
 0.998838
 0.999906
 0.999992
 0.999999
 0.0483074
 0.237439
 0.65636
 0.921362
 0.986277
 0.997737
 0.99963
 0.99994
#TRUE_tag_prop
 0.00313486 3.95168e-005 0.0254072 0.0145113 0.0393885 0.0368713 0.0325953 0.037704 0.0217184 0.0256804 0.762949
 0.0105186 0.000699286 0.0513656 0.0270341 0.0351201 0.0561611 0.027227 0.0335418 0.0182864 0.0187761 0.72127
 0.0268081 0.0132616 0.058483 0.039344 0.0433799 0.0350674 0.0263682 0.0254631 0.0156295 0.0164315 0.699764
 0.0459666 0.0477932 0.0568256 0.0435688 0.036692 0.0376646 0.0256884 0.0203204 0.0147341 0.0139256 0.656821
 0.0630382 0.055589 0.0570989 0.0435632 0.0407931 0.0304435 0.0273694 0.0168449 0.0153401 0.0126686 0.637251
 0.0857141 0.0348684 0.0688603 0.0297114 0.047489 0.02309 0.0308969 0.0134233 0.0169004 0.0117779 0.637268
 0.083369 0.0422132 0.0654568 0.0334773 0.0454103 0.025058 0.0297772 0.0143278 0.0163916 0.0119787 0.63254
 0.102839 0.0166339 0.0768877 0.0202474 0.052362 0.0181026 0.0334926 0.0111157 0.0180641 0.0112172 0.639038
 0.00483091 9.65251e-005 0.038672 0.0233444 0.047318 0.0405748 0.0373575 0.0541798 0.0223209 0.0223467 0.708958
 0.0153643 0.00226968 0.0755956 0.0388721 0.0517651 0.0380316 0.0375341 0.0290795 0.0184294 0.015113 0.677945
 0.0330119 0.0417118 0.0589582 0.0757369 0.0334285 0.0427567 0.0245244 0.0251508 0.0129042 0.00995691 0.64186
 0.0840446 0.047522 0.0850301 0.0468085 0.0399651 0.0308132 0.0244682 0.0232332 0.0126709 0.0093512 0.596093
 0.114732 0.055874 0.0824367 0.0481478 0.0390458 0.0287308 0.0235355 0.0218915 0.0121752 0.00885968 0.564571
 0.137281 0.0422769 0.101785 0.0261795 0.0457971 0.0200025 0.0265278 0.0184748 0.0135506 0.0081498 0.559974
 0.149671 0.0304136 0.105129 0.0229799 0.047075 0.0187842 0.0271283 0.0180562 0.0138341 0.00808643 0.558842
 0.138056 0.0496733 0.0992209 0.0280954 0.0447868 0.0206884 0.0260313 0.0186599 0.0133118 0.00815451 0.553322
 0.00662765 0.000108628 0.0408243 0.0359129 0.076499 0.0436361 0.0546471 0.0597071 0.0163776 0.0141948 0.651465
 0.0214708 0.00221903 0.0697458 0.0743205 0.0594537 0.0551969 0.0288517 0.0536301 0.00795337 0.0106917 0.616466
 0.0397068 0.0573288 0.048063 0.112736 0.0345697 0.0467351 0.0230224 0.0291425 0.0057162 0.00637266 0.596607
 0.0990636 0.0773273 0.0806006 0.06006 0.0532209 0.027361 0.0279893 0.0195398 0.0066761 0.00489109 0.54327
 0.1511 0.0621052 0.0839591 0.0540569 0.0565296 0.0220294 0.0283114 0.0168042 0.00672032 0.00441932 0.513965
 0.179036 0.0476396 0.0979209 0.0335521 0.0635343 0.0165261 0.0305726 0.0143402 0.00721514 0.00409342 0.50557
 0.198655 0.0292714 0.103127 0.0267072 0.0664436 0.0147468 0.0315885 0.0135965 0.00744146 0.00401179 0.50441
 0.191041 0.0412521 0.0994711 0.0311247 0.0643794 0.0158764 0.0308476 0.0140508 0.00727543 0.00405561 0.500626
 0.00901862 0.000171579 0.0799621 0.0221374 0.0831143 0.0487731 0.0412828 0.0417499 0.0177 0.0148939 0.641196
 0.0299918 0.00308624 0.137092 0.0345785 0.0662884 0.0485982 0.0283088 0.0204524 0.0102431 0.00764881 0.613712
 0.0681178 0.0740708 0.108444 0.0606186 0.0429674 0.0273283 0.0164988 0.0104178 0.00602159 0.0035245 0.581991
 0.153625 0.0732962 0.130228 0.0304603 0.0492512 0.0121229 0.0182183 0.0049044 0.0064319 0.00192834 0.519534
 0.177299 0.143845 0.109518 0.0345935 0.0404152 0.0117372 0.014763 0.00461168 0.00522416 0.00175158 0.456242
 0.256137 0.0252292 0.14036 0.0187787 0.0507891 0.00760688 0.0184413 0.00340918 0.00648102 0.00149091 0.471277
 0.249506 0.0520451 0.132349 0.0221711 0.0479349 0.00846568 0.017425 0.0036473 0.00613195 0.00153503 0.458789
 0.255498 0.0443009 0.134428 0.0211659 0.0486747 0.00820666 0.0176878 0.00357341 0.006222 0.00151997 0.458722
 0.0094745 0.000123408 0.0475572 0.037758 0.0378301 0.0488265 0.0414842 0.0419821 0.0154849 0.0226315 0.696848
 0.0296972 0.00344253 0.0848629 0.0594975 0.0375141 0.0390924 0.0352642 0.0223523 0.0110957 0.0133547 0.663827
 0.0709116 0.0470446 0.0682549 0.0855658 0.0238976 0.031809 0.0197999 0.0173191 0.00674682 0.00825644 0.620394
 0.170491 0.0342031 0.0866363 0.0507595 0.0281781 0.0187555 0.0221942 0.0116532 0.00731269 0.00594138 0.563875
 0.199361 0.0800873 0.0838401 0.043991 0.0270726 0.015015 0.0210021 0.00979426 0.00689515 0.00509798 0.507844
 0.258842 0.0298513 0.102677 0.0189358 0.0321589 0.0086593 0.0247323 0.0074659 0.00803812 0.00427382 0.504366
 0.280693 0.0114441 0.107413 0.0125159 0.0335227 0.00703758 0.0257345 0.00687905 0.00834598 0.00406885 0.502346
 0.273269 0.0234205 0.103924 0.0166562 0.0325083 0.00806901 0.024985 0.00723615 0.0081141 0.00418736 0.497631
 0.0047528 0.00010514 0.0442801 0.0231562 0.0594923 0.0128285 0.02166 0.0432721 0.00732523 0.0282483 0.754879
 0.0162705 0.00125248 0.0831712 0.044084 0.056998 0.0145607 0.0152068 0.0406152 0.00497303 0.0223401 0.700528
 0.0423698 0.0216279 0.0974877 0.0445573 0.050744 0.0113775 0.0128748 0.0290692 0.00433202 0.0147993 0.670761
 0.0846644 0.0483805 0.116877 0.0247396 0.060368 0.00509055 0.014724 0.0139056 0.0046084 0.00879725 0.617845
 0.121877 0.0449766 0.0963226 0.0439084 0.0466975 0.00916355 0.0121267 0.0213234 0.00394631 0.0113758 0.588282
 0.137336 0.043374 0.116828 0.0246094 0.0541194 0.0061358 0.0133032 0.0156142 0.00421033 0.00922478 0.575244
 0.128282 0.0668415 0.106282 0.0314376 0.0498125 0.00714664 0.0124956 0.0174133 0.00399668 0.00981423 0.566478
 0.162035 0.0108796 0.130604 0.0150575 0.0597045 0.00470598 0.0143307 0.0130397 0.00447773 0.00835535 0.57681
 0.00156967 1.96898e-005 0 0 0 0 0 0 0 0 0.998411
 0.00482994 0.000736887 0 0 0 0 0 0 0 0 0.994433
 0.0129579 0.00807129 0 0 0 0 0 0 0 0 0.978971
 0.02684 0.0184581 0 0 0 0 0 0 0 0 0.954702
 0.0308675 0.0325489 0 0 0 0 0 0 0 0 0.936584
 0.0529169 0.0067605 0 0 0 0 0 0 0 0 0.940323
 0.048126 0.0161343 0 0 0 0 0 0 0 0 0.93574
 0.0561085 0.00574212 0 0 0 0 0 0 0 0 0.938149
 0.000216071 0.000828371 0.00890361 0.0444801 0.0205128 0.0640598 0.0222808 0.042234 0.0154275 0.0260249 0.755032
 0.00168042 0.00825246 0.0173225 0.0844683 0.0222707 0.0596352 0.0183647 0.0345452 0.0131301 0.0181788 0.722152
 0.0102601 0.0470408 0.0281644 0.0763716 0.0222702 0.0534796 0.0162953 0.0308503 0.0107856 0.0169752 0.687507
 0.0169878 0.106782 0.0266542 0.0787755 0.0248555 0.0460317 0.0190048 0.0240435 0.0115721 0.0143681 0.630925
 0.0172184 0.128473 0.0315231 0.0717188 0.0249663 0.0451249 0.0188206 0.02358 0.0114428 0.0141248 0.613007
 0.0142089 0.136967 0.02309 0.0825422 0.0196466 0.0508549 0.0160093 0.0262422 0.0101945 0.0148056 0.605439
 0.0242711 0.123849 0.0289767 0.0756985 0.023225 0.047255 0.0179203 0.0245788 0.011054 0.0144089 0.608763
 0.0285024 0.118376 0.0314258 0.072864 0.0247144 0.0457648 0.0187163 0.0238906 0.0114123 0.0142457 0.610087
 0.000448692 0.00143049 0.0148211 0.0610279 0.0242062 0.076051 0.0210121 0.0659854 0.0129455 0.024075 0.697997
 0.00243422 0.0147024 0.0290464 0.101535 0.0267309 0.0573183 0.021258 0.0368587 0.0109534 0.0146732 0.684489
 0.0126716 0.087438 0.0312751 0.0978741 0.0197012 0.0513797 0.0175389 0.0268467 0.00947512 0.00974514 0.636054
 0.0118153 0.205503 0.0157871 0.110058 0.0159074 0.0485306 0.0125918 0.0283195 0.00697597 0.00965871 0.534853
 0.0345743 0.193559 0.0462257 0.0766878 0.0246649 0.039068 0.0165125 0.0248287 0.00880562 0.00902064 0.526053
 0.0158277 0.230475 0.0437391 0.0761757 0.0232993 0.0385897 0.0157308 0.02434 0.00840786 0.00879698 0.514618
 0.0302671 0.209727 0.0501178 0.0706139 0.0257678 0.0365159 0.0169128 0.0236784 0.0089703 0.00872034 0.518709
 0.0338344 0.204826 0.0516249 0.0693089 0.0263516 0.0360301 0.0171927 0.0235243 0.00910356 0.00870297 0.5195
 0.000246697 0.00176361 0.0237128 0.0696419 0.0535399 0.0622442 0.0407796 0.0659093 0.0122819 0.0147455 0.655135
 0.00319903 0.0172157 0.0458924 0.102472 0.0429548 0.0546456 0.021603 0.0490845 0.00612836 0.00948284 0.647321
 0.0191363 0.0967258 0.031725 0.125812 0.0238359 0.048639 0.0183098 0.02922 0.0046127 0.00614619 0.595838
 0.0553591 0.158865 0.0464204 0.101338 0.0336314 0.0369556 0.0206656 0.0232078 0.00502596 0.00517748 0.513353
 0.0479301 0.214807 0.0431263 0.100365 0.0329816 0.0336805 0.0196722 0.021305 0.00477571 0.0047882 0.476568
 0.0166986 0.265567 0.0309833 0.113926 0.0257158 0.0370517 0.0169727 0.0225702 0.00416651 0.00487827 0.46147
 0.0441138 0.230685 0.0416466 0.100986 0.031733 0.0337399 0.0191296 0.0212353 0.00464968 0.00474851 0.467333
 0.0398058 0.236742 0.039802 0.103214 0.0306916 0.0343097 0.0187558 0.0214645 0.00456592 0.00477062 0.465878
 0.00104609 0.00412814 0.0274305 0.107307 0.0406537 0.0898284 0.0215676 0.0460364 0.0095262 0.0153164 0.63716
 0.00263778 0.0454227 0.03581 0.1265 0.0217022 0.0489208 0.00971608 0.0179704 0.00383932 0.00571914 0.681762
 0.01908 0.232495 0.0417561 0.074946 0.0169196 0.0258738 0.00707963 0.00871323 0.00266467 0.0027703 0.567701
 0.0563016 0.342688 0.0491265 0.0664753 0.01997 0.01951 0.00761403 0.00686465 0.00277979 0.00223327 0.426437
 0.0359683 0.450371 0.0254993 0.0738818 0.0100675 0.0218002 0.00397111 0.00745477 0.00152359 0.00231332 0.367149
 0.0082699 0.514761 0.00807652 0.0822612 0.00373333 0.0239497 0.00171937 0.00806458 0.000751776 0.00243545 0.345977
 0.0174999 0.497713 0.0126885 0.0800083 0.0053735 0.0233684 0.00230205 0.00789843 0.000951336 0.00240137 0.349795
 0.0161796 0.500507 0.0119435 0.0803684 0.00510851 0.0234612 0.00220789 0.00792489 0.000919082 0.00240677 0.348973
 0.0012159 0.00221584 0.01753 0.0976932 0.0227994 0.0697675 0.0280228 0.0436878 0.0106437 0.0221135 0.68431
 0.00251623 0.0252535 0.031552 0.137063 0.0164845 0.0506877 0.0161791 0.0253595 0.00553345 0.0123005 0.677071
 0.0361696 0.111056 0.0404599 0.108872 0.0146871 0.0359102 0.0127916 0.0177917 0.00449135 0.00814173 0.609629
 0.0248005 0.291892 0.0165085 0.122957 0.00806038 0.0335866 0.00701169 0.0161542 0.00256071 0.00718023 0.469288
 0.02798 0.323423 0.0198099 0.115973 0.00812379 0.0328085 0.00696704 0.0157955 0.00253926 0.00702573 0.439554
 0.0096071 0.353253 0.00779784 0.130778 0.00455776 0.0364997 0.0043338 0.0170805 0.00172521 0.00745503 0.426913
 0.0152476 0.346685 0.00975023 0.128424 0.00512486 0.0359123 0.00475255 0.0168759 0.00185466 0.00738667 0.427986
 0.0194406 0.341593 0.0112391 0.126657 0.00555778 0.0354721 0.00507241 0.0167235 0.00195362 0.00733609 0.428955
 0.000865995 0.00151847 0.0261316 0.0436522 0.0409571 0.0193995 0.0162138 0.0551474 0.00555567 0.0322961 0.758262
 0.00152746 0.0181523 0.0219329 0.103252 0.0223316 0.021397 0.00702529 0.0519409 0.00326563 0.0216763 0.727499
 0.0111285 0.104306 0.0395298 0.0787541 0.0240338 0.0153549 0.00735672 0.0350027 0.00275642 0.0161533 0.665624
 0.0218065 0.207579 0.0329829 0.082293 0.0226791 0.0141735 0.0075848 0.0301037 0.00272447 0.014131 0.563942
 0.0107189 0.265213 0.0331486 0.077115 0.0200353 0.0138754 0.00686796 0.0293245 0.00249855 0.01366 0.527543
 0.0166263 0.258991 0.0227393 0.0877376 0.0158372 0.0155363 0.00619382 0.032449 0.00234503 0.014831 0.526714
 0.0203664 0.253632 0.0251004 0.0861107 0.0167951 0.015293 0.00637037 0.0320114 0.00239105 0.0146836 0.527246
 0.0182149 0.257648 0.0233616 0.0872817 0.0160879 0.0154675 0.00623918 0.032324 0.00235666 0.0147879 0.526231
 0.000112712 0.000413084 0 0 0 0 0 0 0 0 0.999474
 0.000666148 0.00429158 0 0 0 0 0 0 0 0 0.995042
 0.00539736 0.0236737 0 0 0 0 0 0 0 0 0.970929
 0.00736404 0.0590672 0 0 0 0 0 0 0 0 0.933569
 0.0060936 0.0726635 0 0 0 0 0 0 0 0 0.921243
 0.00605694 0.0745521 0 0 0 0 0 0 0 0 0.919391
 0.00688303 0.0737651 0 0 0 0 0 0 0 0 0.919352
 0.00961621 0.0700814 0 0 0 0 0 0 0 0 0.920302
#TRUE_tag_prop_no_age
 0 0 0 0 0 0 0 0 0 0 0
 0 0 0 0 0 0 0 0 0 0 0
 0 0 0 0 0 0 0 0 0 0 0
 0 0 0 0 0 0 0 0 0 0 0
 0 0 0 0 0 0 0 0 0 0 0
 0 0 0 0 0 0 0 0 0 0 0
 0 0 0 0 0 0 0 0 0 0 0
 0 0 0 0 0 0 0 0 0 0 0
 0 0 0 0 0 0 0 0 0 0 0
 0 0 0 0 0 0 0 0 0 0 0
 0 0 0 0 0 0 0 0 0 0 0
 0 0 0 0 0 0 0 0 0 0 0
 0 0 0 0 0 0 0 0 0 0 0
 0 0 0 0 0 0 0 0 0 0 0
#T
 0.955437
 0.0445627
 0.927824
 0.0721764
 0.804933
 0.195067
 0.661908
 0.338092
 0.643344
 0.356656
 0.778268
 0.221732
 0.731769
 0.268231
 0.894312
 0.105688
 0.939452
 0.0605478
 0.850956
 0.149044
 0.799048
 0.200952
 0.831007
 0.168993
 0.813346
 0.186654
 0.881848
 0.118152
 0.822659
 0.177341
 0.905645
 0.0943546
 0.928104
 0.0718957
 0.883528
 0.116472
 0.71605
 0.28395
 0.801471
 0.198529
 0.539152
 0.460848
 0.855641
 0.144359
 0.717737
 0.282263
 0.918869
 0.0811306
 0.967873
 0.0321266
 0.863041
 0.136959
 0.632113
 0.367887
 0.879546
 0.120454
 0.711577
 0.288423
 0.936835
 0.0631649
 0.813941
 0.186059
 0.957751
 0.0422491
 0.938404
 0.0615958
 0.866826
 0.133174
 0.640182
 0.359818
 0.794584
 0.205416
 0.779108
 0.220892
 0.834209
 0.165791
 0.880815
 0.119185
 0.805352
 0.194648
 0.942533
 0.0574669
 0.894017
 0.105983
 0.771683
 0.228317
 0.839301
 0.160699
 0.672203
 0.327797
 0.82364
 0.17636
 0.759604
 0.240396
 0.900612
 0.0993876
 0.961557
 0.0384431
 0.830425
 0.169575
 0.763496
 0.236504
 0.871572
 0.128428
 0.806458
 0.193542
 0.898462
 0.101538
 0.821982
 0.178018
 0.887195
 0.112805
 0.960779
 0.0392208
 0.890472
 0.109528
 0.709304
 0.290696
 0.85237
 0.14763
 0.725963
 0.274037
 0.898195
 0.101805
 0.856544
 0.143456
 0.840141
 0.159859
 0.947595
 0.0524053
 0.862151
 0.137849
 0.802747
 0.197253
 0.860287
 0.139713
 0.769566
 0.230434
 0.867856
 0.132144
 0.79561
 0.20439
 0.871646
 0.128354
 0.940562
 0.0594376
 0.888161
 0.111839
 0.570172
 0.429828
 0.705023
 0.294977
 0.782658
 0.217342
 0.834576
 0.165424
 0.898426
 0.101574
 0.856861
 0.143139
 0.944119
 0.0558812
 0.910429
 0.0895714
 0.735397
 0.264603
 0.689549
 0.310451
 0.563228
 0.436772
 0.891866
 0.108134
 0.808854
 0.191146
 0.911917
 0.088083
 0.91494
 0.08506
 0.886465
 0.113535
 0.805826
 0.194174
 0.851386
 0.148614
 0.666194
 0.333806
 0.80827
 0.19173
 0.856578
 0.143422
 0.906461
 0.0935391
 0.940076
 0.0599243
 0.859304
 0.140696
 0.80744
 0.19256
 0.865401
 0.134599
 0.750868
 0.249132
 0.713939
 0.286061
 0.877216
 0.122784
 0.882382
 0.117618
 0.943687
 0.0563129
 0.886571
 0.113429
 0.583904
 0.416096
 0.840718
 0.159282
 0.807068
 0.192932
 0.909733
 0.0902669
 0.855822
 0.144178
 0.876825
 0.123175
 0.96308
 0.0369202
 0.937658
 0.0623417
 0.748175
 0.251825
 0.852976
 0.147024
 0.727763
 0.272237
 0.952496
 0.0475042
 0.902047
 0.0979525
 0.916626
 0.0833742
 0.970468
 0.029532
 0.884819
 0.115181
 0.889539
 0.110461
 0.898708
 0.101292
 0.782326
 0.217674
 0.903919
 0.0960808
 0.919847
 0.0801529
 0.921467
 0.0785331
 0.963335
 0.0366651
 0.811875
 0.188125
 0.787973
 0.212027
 0.802662
 0.197338
 0.695838
 0.304162
 0.848787
 0.151213
 0.937781
 0.0622192
 0.965191
 0.034809
 0.951953
 0.0480471
 0.853172
 0.146828
 0.847997
 0.152003
 0.829567
 0.170433
 0.715447
 0.284553
 0.903599
 0.0964007
 0.90436
 0.0956397
 0.963881
 0.036119
 0.925817
 0.0741827
 0.901414
 0.0985864
 0.777236
 0.222764
 0.828334
 0.171666
 0.683518
 0.316482
 0.925852
 0.0741476
 0.874014
 0.125986
 0.946947
 0.053053
 0.951104
 0.0488955
 0.873773
 0.126227
 0.735253
 0.264747
 0.898132
 0.101868
 0.779465
 0.220535
 0.918376
 0.0816238
 0.968727
 0.0312731
 0.936003
 0.0639973
 0.972316
 0.0276839
 0.901758
 0.0982423
 0.753898
 0.246102
 0.799047
 0.200953
 0.674958
 0.325042
 0.772705
 0.227295
 0.87996
 0.12004
 0.947943
 0.052057
 0.939195
 0.0608052
 0.957035
 0.0429649
 0.860985
 0.139015
 0.763508
 0.236492
 0.772039
 0.227961
 0.855656
 0.144344
 0.894468
 0.105532
 0.939156
 0.0608444
 0.962796
 0.0372045
 0.929875
 0.0701253
 0.844567
 0.155433
 0.847263
 0.152737
 0.724589
 0.275411
 0.910643
 0.089357
 0.868381
 0.131619
 0.893268
 0.106732
 0.965689
 0.0343105
 0.81995
 0.18005
 0.78754
 0.21246
 0.808448
 0.191552
 0.559282
 0.440718
 0.876602
 0.123398
 0.817474
 0.182526
 0.927922
 0.0720775
 0.942652
 0.0573482
 0.937072
 0.0629283
 0.838305
 0.161695
 0.815909
 0.184091
 0.842986
 0.157014
 0.849755
 0.150245
 0.768622
 0.231378
 0.962341
 0.0376587
 0.981376
 0.0186237
 0.908011
 0.0919891
 0.73271
 0.26729
 0.743448
 0.256552
 0.769089
 0.230911
 0.949536
 0.0504637
 0.732533
 0.267467
 0.913244
 0.0867557
 0.970045
 0.0299551
 0.96598
 0.03402
 0.705748
 0.294252
 0.877913
 0.122087
 0.774261
 0.225739
 0.831343
 0.168657
 0.957246
 0.0427544
 0.90578
 0.0942204
 0.9345
 0.0655
 0.846829
 0.153171
 0.896121
 0.103879
 0.863721
 0.136279
 0.822951
 0.177049
 0.83691
 0.16309
 0.856017
 0.143983
 0.906049
 0.0939507
 0.949793
 0.0502074
 0.924788
 0.0752115
 0.72765
 0.27235
 0.844766
 0.155234
 0.634855
 0.365145
 0.852363
 0.147637
 0.710373
 0.289627
 0.888725
 0.111275
 0.955605
 0.0443946
 0.848386
 0.151614
 0.768146
 0.231854
 0.751981
 0.248019
 0.605613
 0.394387
 0.918856
 0.0811443
 0.806504
 0.193496
 0.931141
 0.0688594 0.0658537
 0.934146
 0.148227
 0.851773
 0.308068
 0.691932
 0.244621
 0.755379
 0.175725
 0.824275
 0.129014
 0.870986
 0.213039
 0.786961
 0.247864
 0.752136
 0.12676
 0.87324
 0.111977
 0.888023
 0.244933
 0.755067
 0.182207
 0.817793
 0.126496
 0.873504
 0.11081
 0.88919
 0.262609
 0.737391
 0.166243
 0.833757
 0.0881669
 0.911833
 0.0797736
 0.920226
 0.363046
 0.636954
 0.205562
 0.794438
 0.284184
 0.715816
 0.0499989
 0.950001
 0.267168
 0.732832
 0.103759
 0.896241
 0.0857446
 0.914255
 0.108686
 0.891314
 0.243729
 0.756271
 0.266279
 0.733721
 0.281837
 0.718163
 0.110936
 0.889064
 0.184694
 0.815306
 0.184161
 0.815839
 0.0871583
 0.912842
 0.137334
 0.862666
 0.245734
 0.754266
 0.111706
 0.888294
 0.234782
 0.765218
 0.0961789
 0.903821
 0.178122
 0.821878
 0.197374
 0.802626
 0.0877782
 0.912222
 0.0652107
 0.934789
 0.247605
 0.752395
 0.23367
 0.76633
 0.145247
 0.854753
 0.0434318
 0.956568
 0.290321
 0.709679
 0.340397
 0.659603
 0.0844551
 0.915545
 0.10135
 0.89865
 0.21278
 0.78722
 0.170467
 0.829533
 0.20544
 0.79456
 0.0909743
 0.909026
 0.219056
 0.780944
 0.144773
 0.855227
 0.131169
 0.868831
 0.108441
 0.891559
 0.2402
 0.7598
 0.195067
 0.804933
 0.0871888
 0.912811
 0.13007
 0.86993
 0.302442
 0.697558
 0.200408
 0.799592
 0.101173
 0.898827
 0.151784
 0.848216
 0.216143
 0.783857
 0.208486
 0.791514
 0.123949
 0.876051
 0.0469097
 0.95309
 0.10604
 0.89396
 0.115876
 0.884124
 0.03501
 0.96499
 0.132331
 0.867669
 0.274789
 0.725211
 0.393983
 0.606017
 0.248266
 0.751734
 0.0778407
 0.922159
 0.199507
 0.800493
 0.178538
 0.821462
 0.0695786
 0.930421
 0.0477766
 0.952223
 0.420441
 0.579559
 0.452348
 0.547652
 0.16769
 0.83231
 0.0301176
 0.969882
 0.227055
 0.772945
 0.224754
 0.775246
 0.115869
 0.884131
 0.0614647
 0.938535
 0.174107
 0.825893
 0.250173
 0.749827
 0.186763
 0.813237
 0.0543792
 0.945621
 0.121009
 0.878991
 0.146374
 0.853626
 0.101281
 0.898719
 0.11761
 0.88239
 0.280457
 0.719543
 0.153632
 0.846368
 0.140898
 0.859102
 0.09537
 0.90463
 0.272465
 0.727535
 0.276541
 0.723459
 0.0503113
 0.949689
 0.187761
 0.812239
 0.286432
 0.713568
 0.166587
 0.833413
 0.0538511
 0.946149
 0.0228132
 0.977187
 0.154699
 0.845301
 0.0873152
 0.912685
 0.111709
 0.888291
 0.0824671
 0.917533
 0.209566
 0.790434
 0.312605
 0.687395
 0.14764
 0.85236
 0.0307533
 0.969247
 0.0632682
 0.936732
 0.058046
 0.941954
 0.043718
 0.956282
 0.118647
 0.881353
 0.238419
 0.761581
 0.247771
 0.752229
 0.214143
 0.785857
 0.0312852
 0.968715
 0.0575778
 0.942422
 0.0509342
 0.949066
 0.0674668
 0.932533
 0.0595479
 0.940452
 0.358993
 0.641007
 0.214714
 0.785286
 0.139183
 0.860817
 0.0291072
 0.970893
 0.100226
 0.899774
 0.0393593
 0.960641
 0.0760354
 0.923965
 0.0569475
 0.943052
 0.1662
 0.8338
 0.155514
 0.844486
 0.0710308
 0.928969
 0.0493594
 0.950641
 0.138613
 0.861387
 0.0555864
 0.944414
 0.127376
 0.872624
 0.167407
 0.832593
 0.337682
 0.662318
 0.149439
 0.850561
 0.0948465
 0.905154
 0.0487307
 0.951269
 0.123455
 0.876545
 0.0790454
 0.920955
 0.122059
 0.877941
 0.0740343
 0.925966
 0.375027
 0.624973
 0.130647
 0.869353
 0.109397
 0.890603
 0.0340862
 0.965914
 0.0526223
 0.947378
 0.0665882
 0.933412
 0.0900184
 0.909982
 0.110127
 0.889873
 0.207332
 0.792668
 0.270986
 0.729014
 0.121801
 0.878199
 0.0469912
 0.953009
 0.0941229
 0.905877
 0.0413526
 0.958647
 0.115878
 0.884122
 0.0915537
 0.908446
 0.200667
 0.799333
 0.293797
 0.706203
 0.117987
 0.882013
 0.0499484
 0.950052
 0.130095
 0.869905
 0.0889158
 0.911084
 0.156457
 0.843543
 0.112708
 0.887292
 0.365776
 0.634224
 0.176214
 0.823786
 0.183986
 0.816014
 0.0520914
 0.947909
 0.0957353
 0.904265
 0.0586723
 0.941328
 0.052244
 0.947756
 0.124866
 0.875134
 0.215666
 0.784334
 0.164107
 0.835893
 0.185092
 0.814908
 0.0478025
 0.952198
 0.114896
 0.885104
 0.0781181
 0.921882
 0.171758
 0.828242
 0.0879714
 0.912029
 0.220183
 0.779817
 0.210149
 0.789851
 0.0741393
 0.925861
 0.102874
 0.897126
 0.122029
 0.877971
 0.10818
 0.89182
 0.0801229
 0.919877
 0.118957
 0.881043
 0.373152
 0.626848
 0.157485
 0.842515
 0.179426
 0.820574
 0.0350641
 0.964936
 0.238741
 0.761259
 0.0856401
 0.91436
 0.0769581
 0.923042
 0.064319
 0.935681
 0.370972
 0.629028
 0.192816
 0.807184
 0.140168
 0.859832
 0.103068
 0.896932
 0.133205
 0.866795
 0.112874
 0.887126
 0.120538
 0.879462
 0.109497
 0.890503
 0.203219
 0.796781
 0.168452
 0.831548
 0.129283
 0.870717
 0.071352
 0.928648
 0.129494
 0.870506
 0.170252
 0.829748
 0.0904227
 0.909577
 0.156131
 0.843869
 0.324486
 0.675514
 0.220604
 0.779396
 0.0942305
 0.90577
 0.0353946
 0.964605
 0.317816
 0.682184
 0.165008
 0.834992
 0.0686181
 0.931382
 0.11701
 0.88299
 0.319955
 0.680045
 0.206319
 0.793681
 0.119555
 0.880445
 0.105173
 0.894827
 0.115347
 0.884653
 0.159584
 0.840416
#report_rate_TRUE
 0.7
 0.7
 0.7
 0.7
 0.7
 0.7
 0.7
 0.8
 0.8
 0.8
 0.8
 0.8
 0.8
 0.8
#move_switch_OM
8
#DD_move_age_switch_OM
1
#abund_frac_age_region
 0.599604 0.606813 0.585081 0.490889 0.505809 0.592767 0.537245 0.607002
 0.508753 0.563206 0.587196 0.57693 0.490415 0.525812 0.609263 0.603933
 0.587285 0.497741 0.56569 0.57035 0.441836 0.473133 0.516861 0.618053
 0.533238 0.559789 0.441285 0.630344 0.547287 0.508485 0.502877 0.656363
 0.676909 0.53436 0.470941 0.435432 0.606661 0.536101 0.56511 0.582582
 0.407427 0.634162 0.533644 0.540591 0.408771 0.557383 0.564208 0.687443
 0.335998 0.405754 0.566758 0.564535 0.559598 0.448264 0.56932 0.640023
 0.732489 0.378777 0.435506 0.590417 0.487663 0.60008 0.575643 0.61917
 0.577111 0.678018 0.445457 0.528017 0.568881 0.527756 0.5761 0.631615
 0.626148 0.576186 0.477786 0.545238 0.570692 0.554485 0.604745 0.624588
 0.642256 0.596244 0.60495 0.574081 0.408218 0.563351 0.571819 0.671365
 0.519181 0.599158 0.557545 0.64013 0.502385 0.419227 0.581838 0.661373
 0.621821 0.509308 0.598844 0.566393 0.551936 0.411839 0.521319 0.649781
 0.597405 0.627965 0.440958 0.617218 0.586228 0.621338 0.519952 0.624846
 0.477893 0.601665 0.553799 0.583143 0.566307 0.661289 0.654032 0.610255
 0.787026 0.492777 0.641125 0.674111 0.652661 0.691881 0.760803 0.738636
 0.699405 0.655964 0.573583 0.618089 0.559004 0.614921 0.715476 0.760018
 0.428764 0.619607 0.617652 0.570728 0.518319 0.574243 0.636564 0.74242
 0.664519 0.488606 0.613419 0.599744 0.484409 0.566302 0.593909 0.691923
 0.39048 0.612222 0.554462 0.637067 0.571001 0.531393 0.626783 0.656814
 0.377099 0.426384 0.546378 0.586037 0.514057 0.50383 0.546993 0.657429
 0.477357 0.426077 0.489027 0.573193 0.559402 0.527767 0.56594 0.639346
 0.319714 0.511787 0.575607 0.533886 0.536351 0.594592 0.55467 0.601894
 0.670947 0.353083 0.513281 0.556878 0.408459 0.529321 0.553943 0.590174
 0.543082 0.665907 0.446001 0.552058 0.575195 0.476866 0.518114 0.661909
 0.349591 0.556196 0.61661 0.444417 0.551912 0.627016 0.50801 0.612826
 0.468666 0.387634 0.559418 0.627005 0.438951 0.508897 0.644087 0.537953
 0.509507 0.462087 0.474083 0.552517 0.54517 0.365489 0.448683 0.533203
 0.343918 0.556845 0.516881 0.54919 0.445132 0.560336 0.497966 0.588561
 0.558828 0.376933 0.577721 0.524453 0.447292 0.581757 0.592794 0.671121
 0.400396 0.393187 0.414919 0.509111 0.494191 0.407233 0.462755 0.392998
 0.491247 0.436794 0.412804 0.42307 0.509585 0.474188 0.390737 0.396067
 0.412715 0.502259 0.43431 0.42965 0.558164 0.526867 0.483139 0.381947
 0.466762 0.440211 0.558715 0.369656 0.452713 0.491515 0.497123 0.343637
 0.323091 0.46564 0.529059 0.564568 0.393339 0.463899 0.43489 0.417418
 0.592573 0.365838 0.466356 0.459409 0.591229 0.442617 0.435792 0.312557
 0.664002 0.594246 0.433242 0.435465 0.440402 0.551736 0.43068 0.359977
 0.267511 0.621223 0.564494 0.409583 0.512337 0.39992 0.424357 0.38083
 0.422889 0.321982 0.554543 0.471983 0.431119 0.472244 0.4239 0.368385
 0.373852 0.423814 0.522214 0.454762 0.429308 0.445515 0.395255 0.375412
 0.357744 0.403756 0.39505 0.425919 0.591782 0.436649 0.428181 0.328635
 0.480819 0.400842 0.442455 0.35987 0.497615 0.580773 0.418162 0.338627
 0.378179 0.490692 0.401156 0.433607 0.448064 0.588161 0.478681 0.350219
 0.402595 0.372035 0.559042 0.382782 0.413772 0.378662 0.480048 0.375154
 0.522107 0.398335 0.446201 0.416857 0.433693 0.338711 0.345968 0.389745
 0.212974 0.507223 0.358875 0.325889 0.347339 0.308119 0.239197 0.261364
 0.300595 0.344036 0.426417 0.381911 0.440996 0.385079 0.284524 0.239982
 0.571236 0.380393 0.382348 0.429272 0.481681 0.425757 0.363436 0.25758
 0.335481 0.511394 0.386581 0.400256 0.515591 0.433698 0.406091 0.308077
 0.60952 0.387778 0.445538 0.362933 0.428999 0.468607 0.373217 0.343186
 0.622901 0.573616 0.453622 0.413963 0.485943 0.49617 0.453007 0.342571
 0.522643 0.573923 0.510973 0.426807 0.440598 0.472233 0.43406 0.360654
 0.680286 0.488213 0.424393 0.466114 0.463649 0.405408 0.44533 0.398106
 0.329053 0.646917 0.486719 0.443122 0.591541 0.470679 0.446057 0.409826
 0.456918 0.334093 0.553999 0.447942 0.424805 0.523134 0.481886 0.338091
 0.650409 0.443804 0.38339 0.555583 0.448088 0.372984 0.49199 0.387174
 0.531334 0.612366 0.440582 0.372995 0.561049 0.491103 0.355913 0.462047
 0.490493 0.537913 0.525917 0.447483 0.45483 0.634511 0.551317 0.466797
 0.656082 0.443155 0.483119 0.45081 0.554868 0.439664 0.502034 0.411439
 0.441172 0.623067 0.422279 0.475547 0.552708 0.418243 0.407206 0.328879
#abund_frac_year
 0.569168 0.551537 0.537489 0.543227 0.565408 0.535508 0.467742 0.583838 0.587311 0.546333 0.590214 0.549126 0.566124 0.565005 0.547725 0.667004 0.639311 0.554014 0.594669 0.507874 0.473945 0.498925 0.439043 0.482751 0.538012 0.509539 0.499321 0.493371 0.45385 0.496682
 0.430832 0.448463 0.462511 0.456773 0.434592 0.464492 0.532258 0.416162 0.412689 0.453667 0.409786 0.450874 0.433876 0.434995 0.452275 0.332996 0.360689 0.445986 0.405331 0.492126 0.526055 0.501075 0.560957 0.517249 0.461988 0.490461 0.500679 0.506629 0.54615 0.503318
#abund_frac_region
 0.538469
 0.461531
#F_tag_scalar
 0.75 0.72 0.79 0.74 0.78 0.77 0.73
#T_tag_res
 0.97 0.99 0.93 0.96 0.98 0.95 0.94
#sim_tag_mixing_switch
0
#debug
1541
